0.192 0.172 0.192 0.172 0.361 0.361 0.208 0.198 0.361 0.198 0.213 0.274 0.182 0.202 0.269 0.361 0.172 0.178 0.183 0.187 0.234 0.192 0.197 0.361 0.361 0.193 0.202 0.167 0.222 0.223 0.249 0.162 0.208 0.197 0.361 0.361 0.361 0.178 0.209 0.218 0.182 0.239 0.361 0.192 0.361 0.361 0.213 0.208 0.361 0.187 0.361 0.182 0.361 0.258 0.361 0.192 0.361 0.361 0.177 0.361 0.223 0.233 0.361 0.223 0.157 0.212 0.214 0.361 0.198 0.361 0.238 0.223 0.188 0.239 0.182 0.243 0.223 0.218 0.218 0.187 0.223 0.198 0.361 0.218 0.172 0.172 0.187 0.192 0.234 0.269 0.361 0.192 0.187 0.172 0.193 0.248 0.177 0.213 0.269 0.223
0.045 0.073 0.020 0.048 0.224 0.224 0.025 0.050 0.224 0.115 0.060 0.052 0.040 0.055 0.028 0.224 0.113 0.035 0.052 0.042 0.048 0.023 0.214 0.224 0.224 0.048 0.052 0.173 0.080 0.052 0.015 0.090 0.060 0.017 0.224 0.224 0.224 0.035 0.015 0.224 0.038 0.058 0.224 0.013 0.224 0.224 0.055 0.058 0.224 0.038 0.224 0.048 0.224 0.015 0.224 0.013 0.224 0.224 0.075 0.224 0.224 0.065 0.224 0.045 0.158 0.058 0.040 0.224 0.063 0.224 0.070 0.183 0.035 0.058 0.041 0.010 0.045 0.052 0.203 0.013 0.013 0.017 0.224 0.010 0.051 0.143 0.042 0.033 0.047 0.058 0.224 0.046 0.043 0.012 0.050 0.050 0.041 0.040 0.037 0.007
0.031 0.106 0.008 0.042 0.484 0.484 0.028 0.040 0.362 0.114 0.415 0.114 0.035 0.241 0.045 0.208 0.105 0.032 0.045 0.041 0.070 0.011 0.482 0.484 0.207 0.036 0.114 0.061 0.484 0.074 0.007 0.114 0.078 0.007 0.484 0.484 0.354 0.032 0.007 0.054 0.048 0.117 0.484 0.014 0.484 0.484 0.072 0.072 0.090 0.041 0.125 0.029 0.484 0.010 0.484 0.008 0.090 0.105 0.114 0.159 0.127 0.086 0.091 0.062 0.093 0.366 0.070 0.415 0.056 0.085 0.072 0.484 0.036 0.117 0.045 0.007 0.073 0.284 0.344 0.007 0.007 0.008 0.094 0.007 0.035 0.045 0.035 0.031 0.076 0.415 0.484 0.025 0.042 0.028 0.040 0.241 0.045 0.073 0.165 0.007
0.075 0.100 0.075 0.075 0.333 0.333 0.125 0.125 0.333 0.308 0.333 0.233 0.125 0.333 0.283 0.333 0.258 0.025 0.050 0.075 0.158 0.075 0.333 0.333 0.333 0.158 0.233 0.333 0.333 0.233 0.025 0.175 0.258 0.075 0.333 0.333 0.333 0.025 0.075 0.333 0.050 0.283 0.333 0.075 0.333 0.333 0.158 0.258 0.333 0.075 0.333 0.075 0.333 0.050 0.333 0.075 0.333 0.333 0.075 0.333 0.333 0.175 0.333 0.075 0.333 0.333 0.208 0.333 0.333 0.333 0.258 0.333 0.125 0.283 0.075 0.100 0.258 0.283 0.333 0.075 0.100 0.075 0.333 0.100 0.075 0.333 0.075 0.100 0.183 0.333 0.333 0.075 0.075 0.050 0.125 0.333 0.075 0.233 0.258 0.100
0.356 0.376 0.310 0.343 0.439 0.439 0.376 0.330 0.439 0.405 0.439 0.442 0.363 0.439 0.439 0.439 0.409 0.316 0.316 0.392 0.402 0.327 0.439 0.439 0.439 0.416 0.442 0.439 0.439 0.406 0.320 0.373 0.399 0.303 0.439 0.439 0.439 0.316 0.303 0.439 0.346 0.419 0.439 0.271 0.439 0.439 0.389 0.409 0.439 0.392 0.439 0.366 0.439 0.389 0.439 0.330 0.439 0.439 0.323 0.439 0.439 0.393 0.439 0.412 0.439 0.439 0.415 0.439 0.439 0.439 0.409 0.439 0.363 0.419 0.323 0.307 0.422 0.439 0.439 0.323 0.271 0.323 0.439 0.280 0.310 0.439 0.392 0.340 0.406 0.439 0.439 0.356 0.412 0.402 0.327 0.439 0.323 0.399 0.439 0.251
0.313 0.435 0.154 0.334 0.959 0.959 0.253 0.274 0.959 0.181 0.082 0.145 0.119 0.058 0.041 0.959 0.473 0.204 0.299 0.171 0.139 0.167 0.420 0.959 0.959 0.317 0.171 0.565 0.038 0.137 0.053 0.520 0.220 0.129 0.959 0.192 0.959 0.204 0.081 0.628 0.174 0.200 0.959 0.084 0.959 0.959 0.143 0.214 0.922 0.215 0.959 0.304 0.434 0.050 0.959 0.131 0.921 0.791 0.508 0.959 0.821 0.186 0.922 0.137 0.623 0.120 0.164 0.959 0.303 0.922 0.178 0.207 0.166 0.200 0.237 0.072 0.164 0.130 0.479 0.130 0.076 0.138 0.809 0.074 0.353 0.341 0.232 0.111 0.169 0.081 0.959 0.257 0.166 0.293 0.269 0.035 0.237 0.166 0.090 0.072
0.185 0.218 0.139 0.192 0.730 0.730 0.205 0.205 0.730 0.448 0.659 0.540 0.186 0.613 0.514 0.730 0.303 0.146 0.172 0.192 0.277 0.139 0.730 0.730 0.730 0.303 0.540 0.605 0.645 0.264 0.159 0.302 0.337 0.133 0.730 0.730 0.730 0.146 0.133 0.730 0.179 0.410 0.730 0.218 0.730 0.730 0.330 0.304 0.730 0.192 0.730 0.185 0.730 0.225 0.730 0.139 0.730 0.730 0.211 0.730 0.730 0.277 0.730 0.232 0.493 0.665 0.276 0.730 0.553 0.730 0.375 0.730 0.186 0.410 0.146 0.199 0.245 0.652 0.730 0.139 0.172 0.139 0.730 0.159 0.178 0.730 0.192 0.153 0.283 0.659 0.730 0.185 0.232 0.218 0.212 0.613 0.146 0.283 0.593 0.192
0.422 0.422 0.388 0.422 0.422 0.422 0.422 0.422 0.422 0.421 0.400 0.451 0.434 0.292 0.314 0.422 0.422 0.422 0.422 0.469 0.482 0.422 0.422 0.422 0.422 0.422 0.448 0.422 0.288 0.439 0.253 0.422 0.391 0.297 0.422 0.422 0.422 0.422 0.254 0.422 0.465 0.409 0.422 0.298 0.422 0.422 0.474 0.430 0.422 0.444 0.422 0.422 0.422 0.314 0.422 0.293 0.422 0.422 0.431 0.422 0.422 0.405 0.422 0.451 0.422 0.421 0.430 0.422 0.422 0.422 0.435 0.427 0.431 0.409 0.422 0.328 0.430 0.422 0.422 0.293 0.340 0.319 0.422 0.357 0.422 0.422 0.427 0.435 0.417 0.504 0.422 0.422 0.469 0.315 0.422 0.270 0.422 0.434 0.482 0.314
0.342 0.449 0.277 0.355 0.630 0.630 0.307 0.327 0.630 0.437 0.435 0.393 0.349 0.463 0.414 0.630 0.464 0.313 0.342 0.334 0.384 0.299 0.630 0.630 0.630 0.319 0.386 0.565 0.456 0.364 0.262 0.478 0.412 0.263 0.630 0.630 0.630 0.313 0.277 0.630 0.355 0.350 0.630 0.298 0.630 0.630 0.310 0.378 0.630 0.334 0.630 0.342 0.630 0.270 0.630 0.277 0.630 0.630 0.355 0.630 0.630 0.377 0.630 0.320 0.573 0.414 0.342 0.630 0.478 0.630 0.421 0.630 0.349 0.350 0.371 0.284 0.361 0.392 0.630 0.270 0.276 0.270 0.630 0.305 0.355 0.630 0.320 0.313 0.363 0.435 0.630 0.320 0.320 0.363 0.342 0.463 0.371 0.385 0.385 0.270
0.240 0.200 0.210 0.190 0.450 0.450 0.250 0.210 0.450 0.340 0.450 0.390 0.270 0.450 0.370 0.450 0.190 0.170 0.180 0.270 0.250 0.210 0.450 0.450 0.450 0.230 0.390 0.330 0.450 0.220 0.200 0.220 0.230 0.220 0.450 0.450 0.450 0.170 0.220 0.450 0.240 0.330 0.450 0.160 0.450 0.450 0.260 0.250 0.450 0.270 0.450 0.230 0.450 0.200 0.450 0.210 0.450 0.450 0.180 0.450 0.450 0.240 0.450 0.260 0.190 0.450 0.260 0.450 0.430 0.450 0.320 0.450 0.270 0.330 0.160 0.230 0.260 0.440 0.450 0.210 0.220 0.210 0.450 0.200 0.200 0.450 0.270 0.230 0.270 0.450 0.450 0.240 0.260 0.260 0.220 0.450 0.150 0.240 0.430 0.210
0.076 0.093 0.074 0.067 0.523 0.523 0.069 0.074 0.523 0.122 0.091 0.057 0.014 0.081 0.038 0.523 0.083 0.095 0.095 0.017 0.129 0.074 0.091 0.523 0.523 0.074 0.076 0.093 0.107 0.134 0.010 0.100 0.127 0.076 0.523 0.086 0.523 0.095 0.031 0.100 0.010 0.124 0.523 0.138 0.523 0.523 0.112 0.122 0.523 0.033 0.523 0.076 0.088 0.014 0.523 0.076 0.523 0.508 0.102 0.523 0.465 0.126 0.523 0.031 0.095 0.146 0.124 0.523 0.074 0.523 0.119 0.084 0.029 0.124 0.093 0.148 0.131 0.084 0.091 0.076 0.136 0.081 0.508 0.155 0.074 0.086 0.036 0.010 0.129 0.081 0.523 0.074 0.026 0.107 0.074 0.062 0.095 0.129 0.057 0.138
0.057 0.065 0.024 0.072 0.893 0.893 0.053 0.046 0.893 0.135 0.320 0.082 0.043 0.234 0.076 0.683 0.074 0.028 0.043 0.057 0.086 0.025 0.116 0.893 0.666 0.049 0.082 0.091 0.711 0.095 0.025 0.107 0.100 0.026 0.893 0.893 0.893 0.028 0.026 0.080 0.061 0.108 0.893 0.065 0.893 0.893 0.105 0.101 0.110 0.057 0.226 0.060 0.866 0.031 0.893 0.025 0.098 0.104 0.102 0.250 0.116 0.128 0.110 0.055 0.060 0.356 0.096 0.893 0.068 0.097 0.113 0.866 0.043 0.108 0.036 0.077 0.105 0.163 0.101 0.025 0.075 0.025 0.104 0.066 0.056 0.055 0.053 0.040 0.101 0.320 0.893 0.041 0.055 0.025 0.050 0.234 0.036 0.104 0.127 0.069
0.265 0.265 0.260 0.265 0.276 0.276 0.276 0.255 0.276 0.249 0.276 0.302 0.322 0.276 0.276 0.276 0.297 0.297 0.265 0.339 0.254 0.255 0.276 0.276 0.276 0.240 0.291 0.276 0.276 0.271 0.286 0.218 0.286 0.302 0.276 0.276 0.276 0.297 0.286 0.276 0.349 0.291 0.276 0.271 0.276 0.276 0.277 0.261 0.276 0.297 0.276 0.276 0.276 0.239 0.276 0.291 0.276 0.276 0.229 0.276 0.276 0.270 0.276 0.359 0.276 0.297 0.286 0.276 0.276 0.276 0.265 0.276 0.322 0.291 0.276 0.260 0.229 0.302 0.276 0.301 0.281 0.275 0.276 0.265 0.271 0.276 0.260 0.296 0.281 0.276 0.276 0.260 0.359 0.259 0.255 0.276 0.276 0.281 0.286 0.270
0.023 0.034 0.028 0.023 0.318 0.318 0.028 0.026 0.318 nan 0.032 0.062 0.032 0.032 0.045 0.318 0.034 0.028 0.026 0.023 0.021 0.026 0.034 0.318 0.318 0.023 0.026 0.036 0.030 0.019 0.058 0.030 0.017 0.030 0.318 0.045 0.318 0.028 0.032 0.047 0.021 0.017 0.318 0.026 0.318 0.318 0.017 0.017 0.143 0.021 0.318 0.023 0.028 0.053 0.318 0.034 0.143 0.053 0.028 0.318 0.053 0.019 0.143 0.060 0.049 0.038 0.017 0.318 0.026 0.145 0.019 0.023 0.030 0.017 0.030 0.040 0.019 0.030 0.034 0.032 0.032 0.030 0.053 0.032 0.023 0.034 0.019 0.038 0.017 0.034 0.318 0.023 0.026 0.028 0.028 0.041 0.030 0.019 0.038 0.032
0.051 0.068 0.042 0.056 0.893 0.893 0.051 0.040 0.893 0.195 0.115 0.031 0.043 0.037 0.027 0.893 0.075 0.036 0.041 0.031 0.132 0.044 0.086 0.893 0.893 0.034 0.031 0.090 0.201 0.129 0.030 0.090 0.131 0.037 0.893 0.893 0.893 0.036 0.037 0.322 0.035 0.292 0.893 0.108 0.893 0.893 0.140 0.134 0.893 0.031 0.893 0.051 0.887 0.027 0.893 0.044 0.893 0.885 0.076 0.893 0.672 0.133 0.893 0.026 0.196 0.287 0.123 0.893 0.040 0.893 0.139 0.893 0.043 0.292 0.043 0.112 0.137 0.062 0.081 0.042 0.101 0.041 0.881 0.105 0.044 0.064 0.031 0.031 0.133 0.115 0.893 0.029 0.026 0.072 0.046 0.037 0.043 0.131 0.030 0.102
0.393 0.422 0.298 0.390 0.893 0.893 0.380 0.413 0.893 0.420 0.365 0.322 0.322 0.287 0.272 0.893 0.581 0.307 0.416 0.313 0.437 0.304 0.603 0.893 0.893 0.416 0.375 0.690 0.276 0.420 0.272 0.492 0.410 0.292 0.893 0.307 0.893 0.307 0.275 0.771 0.318 0.437 0.893 0.303 0.893 0.893 0.410 0.408 0.809 0.361 0.893 0.378 0.456 0.269 0.893 0.277 0.794 0.791 0.481 0.893 0.791 0.419 0.809 0.320 0.772 0.334 0.425 0.893 0.413 0.796 0.418 0.413 0.332 0.437 0.313 0.318 0.432 0.342 0.603 0.281 0.314 0.290 0.791 0.334 0.416 0.524 0.380 0.318 0.437 0.320 0.893 0.416 0.325 0.284 0.414 0.276 0.315 0.432 0.322 0.319
0.024 0.028 0.024 0.028 0.893 0.893 0.024 0.024 0.071 0.175 0.892 0.891 0.038 0.892 0.892 0.067 0.023 0.022 0.024 0.884 0.124 0.024 0.893 0.216 0.056 0.888 0.891 0.893 0.892 0.121 0.887 0.044 0.099 0.869 0.893 0.893 0.067 0.022 0.869 0.893 0.848 0.337 0.660 0.057 0.893 0.599 0.110 0.098 0.035 0.884 0.041 0.024 0.893 0.889 0.893 0.033 0.033 0.893 0.059 0.040 0.028 0.127 0.034 0.887 0.031 0.892 0.116 0.893 0.893 0.040 0.130 0.893 0.038 0.337 0.028 0.066 0.119 0.892 0.893 0.145 0.072 0.145 0.893 0.072 0.024 0.893 0.884 0.882 0.113 0.892 0.893 0.886 0.887 0.106 0.025 0.892 0.028 0.102 0.892 0.065
0.042 0.139 0.022 0.074 0.282 0.282 0.015 0.076 0.282 0.194 0.282 0.234 0.014 0.282 0.122 0.282 0.170 0.066 0.095 0.041 0.111 0.029 0.282 0.282 0.282 0.085 0.234 0.258 0.282 0.117 0.003 0.162 0.135 0.008 0.282 0.282 0.282 0.066 0.006 0.282 0.037 0.158 0.282 0.073 0.282 0.282 0.093 0.124 0.282 0.041 0.282 0.039 0.282 0.003 0.282 0.010 0.282 0.282 0.143 0.282 0.282 0.121 0.282 0.056 0.272 0.282 0.111 0.282 0.189 0.282 0.153 0.282 0.014 0.158 0.091 0.032 0.111 0.279 0.282 0.010 0.041 0.010 0.282 0.050 0.099 0.277 0.041 0.007 0.111 0.282 0.282 0.020 0.056 0.102 0.069 0.282 0.085 0.122 0.282 0.046
0.259 0.297 0.168 0.273 0.893 0.893 0.232 0.240 0.893 0.332 0.219 0.291 0.233 0.172 0.193 0.893 0.301 0.180 0.238 0.266 0.310 0.170 0.263 0.893 0.893 0.249 0.268 0.322 0.201 0.290 0.187 0.331 0.319 0.168 0.893 0.883 0.893 0.180 0.178 0.371 0.272 0.340 0.893 0.275 0.893 0.893 0.299 0.310 0.862 0.249 0.893 0.258 0.332 0.185 0.893 0.183 0.861 0.705 0.318 0.893 0.599 0.325 0.862 0.281 0.308 0.283 0.316 0.893 0.245 0.862 0.312 0.372 0.234 0.340 0.188 0.263 0.319 0.277 0.301 0.182 0.260 0.173 0.704 0.260 0.266 0.222 0.243 0.228 0.317 0.219 0.893 0.217 0.270 0.178 0.235 0.185 0.187 0.328 0.217 0.250
0.545 0.570 0.489 0.564 0.578 0.578 0.539 0.540 0.578 0.555 0.564 0.549 0.567 0.541 0.529 0.578 0.571 0.506 0.545 0.585 0.560 0.493 0.580 0.578 0.578 0.543 0.562 0.580 0.533 0.571 0.508 0.562 0.549 0.506 0.578 0.578 0.578 0.506 0.510 0.578 0.579 0.571 0.578 0.473 0.578 0.578 0.551 0.556 0.578 0.567 0.578 0.549 0.578 0.521 0.578 0.493 0.578 0.578 0.553 0.578 0.578 0.565 0.578 0.531 0.578 0.557 0.571 0.578 0.545 0.578 0.569 0.554 0.550 0.571 0.508 0.486 0.571 0.561 0.578 0.496 0.473 0.498 0.578 0.481 0.560 0.559 0.562 0.569 0.567 0.545 0.578 0.544 0.581 0.488 0.540 0.537 0.508 0.568 0.542 0.485
0.000 0.026 0.000 0.003 0.484 0.484 0.000 0.001 0.101 0.002 0.194 0.000 0.000 0.001 0.000 0.032 0.026 0.000 0.004 0.000 0.001 0.000 0.001 0.106 0.052 0.000 0.000 0.003 0.484 0.001 0.000 0.026 0.001 0.000 0.484 0.484 0.101 0.000 0.000 0.002 0.000 0.001 0.107 0.000 0.484 0.107 0.001 0.001 0.039 0.000 0.042 0.000 0.484 0.000 0.484 0.000 0.015 0.011 0.025 0.044 0.037 0.004 0.039 0.000 0.004 0.053 0.001 0.093 0.000 0.014 0.001 0.289 0.000 0.001 0.000 0.000 0.001 0.003 0.001 0.000 0.000 0.000 0.016 0.000 0.001 0.001 0.000 0.000 0.002 0.194 0.484 0.000 0.000 0.000 0.001 0.001 0.000 0.001 0.002 0.000
0.190 0.221 0.001 0.201 0.670 0.670 0.030 0.093 0.207 0.093 0.387 0.331 0.001 0.045 0.017 0.107 0.221 0.047 0.126 0.051 0.042 0.005 0.140 0.359 0.174 0.234 0.319 0.215 0.344 0.045 0.000 0.225 0.182 0.000 0.670 0.670 0.205 0.047 0.000 0.067 0.030 0.217 0.670 0.030 0.670 0.670 0.040 0.184 0.165 0.126 0.170 0.178 0.670 0.000 0.670 0.000 0.089 0.069 0.225 0.232 0.232 0.178 0.165 0.090 0.085 0.356 0.174 0.164 0.251 0.088 0.070 0.300 0.002 0.217 0.067 0.009 0.174 0.352 0.224 0.000 0.012 0.000 0.148 0.012 0.211 0.054 0.181 0.002 0.181 0.388 0.670 0.060 0.109 0.082 0.089 0.045 0.067 0.174 0.242 0.014
0.022 0.037 0.019 0.031 0.896 0.896 0.024 0.023 0.750 0.099 0.153 0.020 0.016 0.073 0.015 0.275 0.040 0.022 0.025 0.018 0.058 0.019 0.034 0.896 0.272 0.013 0.020 0.039 0.238 0.055 0.011 0.063 0.058 0.013 0.896 0.896 0.749 0.022 0.013 0.039 0.019 0.075 0.896 0.042 0.896 0.896 0.066 0.053 0.067 0.018 0.090 0.024 0.728 0.009 0.896 0.017 0.064 0.053 0.060 0.097 0.061 0.079 0.067 0.016 0.042 0.202 0.052 0.773 0.015 0.064 0.056 0.862 0.016 0.075 0.022 0.041 0.055 0.067 0.038 0.016 0.032 0.016 0.053 0.035 0.023 0.023 0.018 0.010 0.058 0.153 0.896 0.008 0.016 0.042 0.024 0.073 0.022 0.058 0.035 0.034
0.166 0.151 0.153 0.151 0.428 0.428 0.156 0.151 0.428 0.153 0.225 0.229 0.194 0.248 0.240 0.428 0.151 0.149 0.151 0.216 0.173 0.164 0.235 0.428 0.428 0.160 0.175 0.153 0.257 0.162 0.240 0.151 0.164 0.160 0.428 0.428 0.428 0.149 0.212 0.145 0.229 0.179 0.428 0.155 0.428 0.428 0.160 0.168 0.168 0.181 0.428 0.162 0.428 0.253 0.428 0.175 0.160 0.229 0.151 0.428 0.151 0.184 0.166 0.231 0.151 0.207 0.188 0.428 0.164 0.168 0.160 0.268 0.194 0.179 0.151 0.134 0.175 0.190 0.188 0.173 0.151 0.170 0.225 0.151 0.151 0.140 0.170 0.188 0.173 0.238 0.428 0.153 0.203 0.158 0.151 0.255 0.151 0.184 0.214 0.149
0.086 0.104 0.061 0.086 0.104 0.104 0.076 0.083 0.104 0.067 0.069 0.067 0.069 0.055 0.035 0.104 0.104 0.078 0.085 0.076 0.067 0.072 0.104 0.104 0.104 0.086 0.077 0.104 0.051 0.064 0.037 0.101 0.071 0.059 0.104 0.079 0.104 0.078 0.039 0.104 0.074 0.074 0.104 0.029 0.104 0.104 0.069 0.073 0.104 0.078 0.104 0.086 0.104 0.034 0.104 0.049 0.104 0.104 0.100 0.104 0.104 0.074 0.104 0.069 0.104 0.072 0.072 0.104 0.086 0.104 0.068 0.083 0.071 0.074 0.085 0.028 0.074 0.073 0.104 0.055 0.028 0.059 0.104 0.029 0.088 0.103 0.079 0.068 0.074 0.059 0.104 0.083 0.076 0.045 0.083 0.040 0.085 0.074 0.059 0.028
0.313 0.270 0.279 0.275 0.300 0.300 0.325 0.275 0.300 0.315 0.301 0.303 0.327 0.301 0.301 0.300 0.278 0.255 0.275 0.301 0.291 0.258 0.300 0.300 0.300 0.278 0.301 0.300 0.301 0.303 0.303 0.254 0.294 0.303 0.300 0.300 0.300 0.255 0.310 0.300 0.316 0.291 0.300 0.276 0.300 0.300 0.291 0.281 0.300 0.293 0.300 0.322 0.300 0.272 0.300 0.319 0.300 0.300 0.257 0.300 0.300 0.310 0.300 0.293 0.300 0.301 0.279 0.300 0.300 0.300 0.288 0.300 0.327 0.291 0.252 0.273 0.301 0.303 0.300 0.316 0.273 0.294 0.300 0.273 0.284 0.300 0.296 0.290 0.291 0.301 0.300 0.272 0.293 0.258 0.275 0.301 0.252 0.299 0.301 0.272
0.069 0.164 0.011 0.114 0.894 0.894 0.047 0.075 0.894 0.050 0.019 0.047 0.024 0.005 0.006 0.547 0.174 0.023 0.086 0.042 0.041 0.013 0.074 0.894 0.576 0.063 0.038 0.162 0.007 0.040 0.009 0.252 0.064 0.007 0.894 0.031 0.894 0.023 0.008 0.113 0.043 0.067 0.894 0.020 0.894 0.894 0.041 0.068 0.258 0.046 0.332 0.063 0.108 0.007 0.894 0.010 0.219 0.140 0.251 0.414 0.248 0.067 0.257 0.045 0.124 0.040 0.058 0.894 0.059 0.218 0.052 0.047 0.024 0.067 0.030 0.015 0.059 0.037 0.129 0.008 0.014 0.008 0.155 0.017 0.109 0.045 0.047 0.024 0.061 0.026 0.894 0.041 0.042 0.066 0.073 0.005 0.030 0.055 0.026 0.017
0.345 0.295 0.314 0.295 0.295 0.295 0.412 0.312 0.295 0.443 0.329 0.345 0.476 0.329 0.329 0.295 0.295 0.312 0.295 0.476 0.410 0.314 0.295 0.295 0.295 0.295 0.345 0.295 0.329 0.443 0.426 0.295 0.295 0.412 0.295 0.295 0.295 0.312 0.414 0.295 0.445 0.395 0.295 0.329 0.295 0.295 0.462 0.376 0.295 0.476 0.295 0.412 0.295 0.443 0.295 0.529 0.295 0.295 0.312 0.295 0.295 0.395 0.295 0.443 0.295 0.329 0.429 0.295 0.295 0.295 0.410 0.295 0.476 0.395 0.295 0.429 0.393 0.329 0.295 0.462 0.343 0.445 0.295 0.412 0.295 0.295 0.510 0.460 0.445 0.329 0.295 0.312 0.443 0.410 0.312 0.329 0.295 0.412 0.329 0.379
0.029 0.037 0.025 0.033 0.699 0.699 0.024 0.024 0.699 0.176 0.691 0.691 0.025 0.691 0.691 0.699 0.032 0.025 0.029 0.033 0.089 0.025 0.699 0.699 0.699 0.379 0.691 0.203 0.691 0.093 0.053 0.037 0.093 0.029 0.699 0.699 0.699 0.025 0.029 0.699 0.033 0.272 0.699 0.033 0.699 0.699 0.089 0.077 0.349 0.033 0.512 0.029 0.699 0.256 0.699 0.025 0.349 0.699 0.033 0.512 0.146 0.101 0.349 0.325 0.029 0.691 0.073 0.699 0.699 0.354 0.086 0.699 0.025 0.272 0.016 0.045 0.073 0.691 0.699 0.025 0.032 0.025 0.699 0.041 0.029 0.699 0.033 0.037 0.089 0.691 0.699 0.077 0.325 0.033 0.024 0.691 0.016 0.089 0.691 0.041
0.164 0.271 0.066 0.164 0.847 0.847 0.132 0.152 0.847 0.074 0.057 0.101 0.074 0.050 0.030 0.847 0.331 0.089 0.151 0.141 0.061 0.072 0.186 0.847 0.847 0.178 0.145 0.365 0.037 0.059 0.036 0.313 0.120 0.054 0.847 0.092 0.847 0.089 0.033 0.373 0.143 0.106 0.847 0.034 0.847 0.847 0.065 0.111 0.658 0.150 0.822 0.165 0.292 0.030 0.847 0.047 0.658 0.422 0.281 0.804 0.433 0.127 0.658 0.126 0.369 0.113 0.114 0.847 0.178 0.661 0.069 0.152 0.085 0.106 0.107 0.026 0.109 0.125 0.345 0.053 0.029 0.061 0.425 0.026 0.175 0.157 0.149 0.065 0.106 0.045 0.847 0.132 0.140 0.084 0.153 0.036 0.107 0.109 0.046 0.028
0.250 0.326 0.225 0.254 0.342 0.342 0.239 0.237 0.342 0.266 0.285 0.299 0.252 0.254 0.281 0.342 0.342 0.241 0.262 0.262 0.258 0.223 0.342 0.342 0.342 0.246 0.268 0.342 0.289 0.266 0.254 0.274 0.273 0.225 0.342 0.340 0.342 0.241 0.223 0.342 0.252 0.270 0.342 0.245 0.342 0.342 0.262 0.273 0.342 0.252 0.342 0.246 0.342 0.268 0.342 0.227 0.342 0.342 0.252 0.342 0.342 0.262 0.342 0.289 0.342 0.289 0.270 0.342 0.246 0.342 0.264 0.262 0.256 0.270 0.256 0.258 0.260 0.279 0.342 0.233 0.237 0.229 0.342 0.272 0.250 0.342 0.240 0.264 0.262 0.270 0.342 0.244 0.271 0.235 0.237 0.266 0.256 0.277 0.291 0.251
0.059 0.059 0.052 0.059 0.059 0.059 0.059 0.059 0.059 0.046 0.064 0.042 0.063 0.061 0.039 0.059 0.059 0.059 0.059 0.065 0.047 0.059 0.059 0.059 0.059 0.059 0.063 0.059 0.053 0.045 0.031 0.059 0.044 0.044 0.059 0.059 0.059 0.059 0.035 0.059 0.064 0.047 0.059 0.015 0.059 0.059 0.046 0.049 0.059 0.062 0.059 0.059 0.059 0.034 0.059 0.039 0.059 0.059 0.059 0.059 0.059 0.049 0.059 0.046 0.059 0.063 0.047 0.059 0.059 0.059 0.044 0.059 0.065 0.047 0.059 0.014 0.045 0.064 0.059 0.039 0.015 0.044 0.059 0.014 0.059 0.059 0.060 0.060 0.048 0.045 0.059 0.059 0.066 0.036 0.059 0.044 0.059 0.045 0.045 0.013
0.186 0.363 0.132 0.186 0.575 0.575 0.182 0.186 0.575 0.204 0.164 0.222 0.168 0.137 0.199 0.575 0.461 0.217 0.217 0.169 0.212 0.133 0.527 0.575 0.575 0.217 0.177 0.575 0.146 0.190 0.172 0.234 0.199 0.141 0.575 0.257 0.575 0.217 0.155 0.575 0.173 0.256 0.575 0.155 0.575 0.575 0.190 0.247 0.575 0.169 0.575 0.186 0.381 0.190 0.575 0.155 0.575 0.575 0.225 0.575 0.575 0.243 0.575 0.199 0.575 0.190 0.225 0.575 0.217 0.575 0.177 0.234 0.155 0.256 0.243 0.145 0.229 0.169 0.523 0.142 0.163 0.141 0.575 0.154 0.217 0.483 0.191 0.177 0.256 0.239 0.575 0.217 0.164 0.150 0.168 0.159 0.243 0.229 0.217 0.142
0.143 0.207 0.193 0.186 0.471 0.471 0.186 0.186 0.471 0.357 0.229 0.157 0.157 0.207 0.143 0.471 0.229 0.200 0.207 0.143 0.236 0.214 0.471 0.471 0.471 0.129 0.157 0.336 0.300 0.221 0.129 0.193 0.179 0.143 0.471 0.471 0.471 0.200 0.143 0.471 0.150 0.179 0.471 0.214 0.471 0.471 0.243 0.200 0.471 0.107 0.471 0.114 0.471 0.114 0.471 0.200 0.471 0.471 0.179 0.471 0.471 0.250 0.471 0.114 0.414 0.250 0.179 0.471 0.136 0.471 0.214 0.471 0.157 0.179 0.200 0.179 0.171 0.200 0.471 0.157 0.207 0.150 0.471 0.243 0.171 0.350 0.100 0.157 0.179 0.229 0.471 0.150 0.114 0.257 0.207 0.207 0.200 0.171 0.164 0.221
0.411 0.583 0.432 0.412 0.645 0.645 0.389 0.521 0.645 0.360 0.319 0.367 0.292 0.328 0.326 0.645 0.652 0.499 0.499 0.349 0.334 0.440 0.645 0.645 nan 0.464 0.362 0.645 0.307 0.314 0.327 0.506 0.381 0.383 0.645 0.645 0.645 0.499 0.333 0.645 0.349 0.375 0.645 0.249 0.652 0.645 0.312 0.353 0.645 0.356 0.645 0.404 0.631 0.354 0.645 0.368 0.645 0.645 0.528 0.652 0.652 0.354 0.645 0.375 0.645 0.333 0.346 0.645 0.436 0.645 0.368 0.375 0.313 0.375 0.507 0.264 0.312 0.349 0.645 0.382 0.299 0.397 0.645 0.244 0.492 0.645 0.383 0.341 0.326 0.339 0.645 0.493 0.356 0.423 0.468 0.313 0.507 0.340 0.331 0.224
0.096 0.109 0.070 0.114 0.677 0.677 0.094 0.098 0.677 0.216 0.749 0.550 0.094 0.773 0.624 0.666 0.127 0.079 0.090 0.103 0.140 0.074 0.720 0.677 0.664 0.170 0.550 0.413 0.786 0.138 0.083 0.186 0.153 0.065 0.677 0.814 0.677 0.079 0.065 0.644 0.100 0.234 0.677 0.079 0.677 0.677 0.140 0.135 0.552 0.103 0.659 0.098 0.799 0.138 0.677 0.068 0.544 0.681 0.118 0.661 0.411 0.173 0.552 0.153 0.144 0.703 0.155 0.677 0.563 0.572 0.151 0.821 0.094 0.234 0.074 0.070 0.118 0.649 0.705 0.068 0.072 0.068 0.672 0.072 0.105 0.661 0.103 0.092 0.144 0.749 0.677 0.098 0.153 0.111 0.100 0.773 0.074 0.151 0.672 0.081
0.282 0.262 0.302 0.272 0.262 0.262 0.292 0.272 0.262 0.282 0.282 0.229 0.272 0.268 0.277 0.262 0.262 0.262 0.262 0.296 0.291 0.297 0.262 0.262 0.262 0.262 0.306 0.262 0.248 0.311 0.248 0.262 0.287 0.297 0.262 0.262 0.262 0.262 0.218 0.262 0.296 0.291 0.262 0.306 0.262 0.262 0.292 0.297 0.262 0.302 0.262 0.292 0.262 0.258 0.262 0.297 0.262 0.262 0.282 0.262 0.262 0.292 0.262 0.263 0.262 0.277 0.292 0.262 0.262 0.262 0.291 0.262 0.297 0.291 0.262 0.273 0.296 0.296 0.262 0.297 0.278 0.292 0.262 0.312 0.262 0.262 0.302 0.272 0.301 0.243 0.262 0.262 0.301 0.268 0.282 0.219 0.262 0.282 0.248 0.292
0.099 0.166 0.087 0.106 0.397 0.397 0.083 0.112 0.397 0.106 0.078 0.092 0.072 0.074 0.072 0.397 0.195 0.123 0.127 0.082 0.103 0.100 0.187 0.397 0.397 0.108 0.089 0.265 0.072 0.103 0.065 0.122 0.097 0.074 0.397 0.126 0.397 0.123 0.069 0.396 0.083 0.106 0.397 0.062 0.397 0.397 0.098 0.097 0.397 0.087 0.397 0.091 0.161 0.073 0.397 0.070 0.397 0.397 0.120 0.397 0.397 0.108 0.397 0.098 0.394 0.096 0.098 0.397 0.108 0.397 0.104 0.104 0.075 0.106 0.139 0.061 0.099 0.088 0.186 0.072 0.063 0.076 0.397 0.066 0.125 0.186 0.089 0.072 0.098 0.090 0.397 0.105 0.084 0.079 0.104 0.068 0.139 0.099 0.090 0.066
0.461 0.588 0.441 0.471 0.626 0.626 0.451 0.460 0.616 0.489 0.440 0.450 0.431 0.430 0.429 0.626 0.587 0.451 0.461 0.422 0.429 0.451 0.606 0.626 0.616 0.442 0.432 0.606 0.391 0.429 0.461 0.421 0.459 0.391 0.616 0.616 0.616 0.451 0.391 0.606 0.422 0.401 0.616 0.489 0.616 0.616 0.449 0.469 0.616 0.451 0.616 0.461 0.606 0.442 0.616 0.371 0.626 0.606 0.412 0.616 0.616 0.431 0.616 0.442 0.626 0.442 0.411 0.626 0.452 0.626 0.419 0.451 0.401 0.401 0.461 0.371 0.401 0.442 0.606 0.391 0.447 0.401 0.606 0.401 0.461 0.606 0.461 0.440 0.401 0.480 0.616 0.442 0.412 0.402 0.460 0.421 0.461 0.401 0.459 0.410
0.202 0.202 0.168 0.197 0.431 0.431 0.192 0.182 0.431 0.222 0.299 0.329 0.226 0.314 0.250 0.431 0.188 0.163 0.187 0.296 0.232 0.168 0.358 0.431 0.431 0.212 0.271 0.187 0.319 0.222 0.235 0.197 0.202 0.197 0.431 0.431 0.431 0.163 0.246 0.197 0.286 0.251 0.431 0.202 0.431 0.431 0.212 0.212 0.402 0.276 0.431 0.202 0.431 0.211 0.431 0.193 0.402 0.431 0.187 0.431 0.192 0.212 0.402 0.339 0.182 0.314 0.231 0.431 0.221 0.416 0.206 0.368 0.231 0.251 0.178 0.227 0.226 0.290 0.305 0.183 0.221 0.178 0.426 0.227 0.207 0.192 0.271 0.276 0.251 0.319 0.431 0.182 0.285 0.178 0.192 0.314 0.178 0.226 0.328 0.232
0.103 0.324 0.019 0.210 0.329 0.329 0.204 0.238 0.329 0.243 0.329 0.324 0.040 0.329 0.329 0.329 0.329 0.019 0.294 0.002 0.165 0.019 0.329 0.329 0.329 0.011 0.324 0.329 0.329 0.165 0.011 0.272 0.160 0.011 0.329 0.329 0.329 0.019 0.011 0.329 0.005 0.220 0.329 0.092 0.329 0.329 0.160 0.160 0.329 0.002 0.329 0.061 0.329 0.009 0.329 0.009 0.329 0.329 0.283 0.329 0.329 0.160 0.329 0.008 0.329 0.329 0.140 0.329 0.315 0.329 0.198 0.329 0.040 0.220 0.019 0.033 0.146 0.329 0.329 0.009 0.033 0.011 0.329 0.061 0.193 0.329 0.002 0.011 0.142 0.329 0.329 0.012 0.008 0.022 0.238 0.329 0.019 0.134 0.329 0.042
0.711 0.867 0.205 0.812 0.882 0.882 0.474 0.682 0.886 0.334 0.084 0.044 0.044 0.117 0.021 0.882 0.860 0.495 0.806 0.053 0.143 0.282 0.880 0.882 0.886 0.834 0.158 0.886 0.057 0.164 0.027 0.846 0.305 0.107 0.886 0.852 0.886 0.495 0.027 0.875 0.051 0.187 0.886 0.190 0.886 0.886 0.269 0.239 0.886 0.113 0.886 0.587 0.881 0.017 0.886 0.089 0.882 0.875 0.852 0.886 0.886 0.286 0.886 0.041 0.882 0.050 0.191 0.882 0.846 0.882 0.220 0.681 0.098 0.187 0.670 0.134 0.170 0.063 0.874 0.089 0.158 0.128 0.881 0.123 0.867 0.866 0.169 0.039 0.164 0.041 0.886 0.760 0.048 0.361 0.643 0.023 0.670 0.161 0.045 0.146
0.144 0.150 0.150 0.144 0.425 0.425 0.139 0.139 0.425 0.177 0.249 0.249 0.199 0.177 0.216 0.425 0.150 0.150 0.144 0.211 0.182 0.150 0.177 0.425 0.425 0.161 0.177 0.150 0.238 0.171 0.205 0.166 0.161 0.166 0.425 0.425 0.425 0.150 0.204 0.398 0.211 0.183 0.425 0.155 0.425 0.425 0.161 0.161 0.425 0.177 0.425 0.149 0.425 0.211 0.425 0.172 0.425 0.425 0.139 0.425 0.425 0.183 0.425 0.261 0.221 0.260 0.183 0.425 0.166 0.425 0.194 0.304 0.177 0.183 0.144 0.171 0.177 0.215 0.144 0.172 0.166 0.155 0.425 0.155 0.139 0.150 0.183 0.216 0.177 0.277 0.425 0.155 0.205 0.155 0.144 0.216 0.144 0.177 0.249 0.155
0.548 0.577 0.228 0.564 0.727 0.727 0.499 0.563 0.727 0.460 0.435 0.465 0.437 0.217 0.158 0.727 0.566 0.319 0.561 0.469 0.436 0.236 0.593 0.727 0.727 0.525 0.469 0.589 0.217 0.459 0.153 0.540 0.483 0.185 0.727 0.421 0.727 0.319 0.171 0.651 0.473 0.497 0.727 0.282 0.727 0.727 0.425 0.502 0.727 0.474 0.727 0.515 0.642 0.155 0.727 0.176 0.727 0.727 0.548 0.727 0.736 0.490 0.727 0.456 0.601 0.460 0.513 0.727 0.504 0.727 0.464 0.464 0.450 0.497 0.381 0.270 0.520 0.449 0.593 0.180 0.293 0.190 0.727 0.257 0.570 0.524 0.474 0.429 0.497 0.483 0.727 0.504 0.471 0.194 0.563 0.181 0.381 0.520 0.481 0.277
0.045 0.045 0.037 0.045 0.045 0.045 0.045 0.045 0.045 0.043 0.043 0.057 0.035 0.033 0.046 0.045 0.045 0.045 0.045 0.038 0.046 0.037 0.045 0.045 0.045 0.045 0.032 0.045 0.038 0.048 0.044 0.045 0.043 0.029 0.045 0.045 0.045 0.045 0.046 0.045 0.037 0.043 0.045 0.043 0.045 0.045 0.041 0.040 0.045 0.037 0.045 0.045 0.045 0.045 0.045 0.037 0.045 0.045 0.045 0.045 0.045 0.046 0.045 0.067 0.045 0.035 0.043 0.045 0.045 0.045 0.043 0.045 0.032 0.043 0.045 0.045 0.038 0.035 0.045 0.032 0.045 0.030 0.045 0.045 0.045 0.045 0.038 0.038 0.038 0.048 0.045 0.045 0.035 0.049 0.045 0.041 0.045 0.038 0.044 0.046
nan 0.058 0.071 0.051 0.387 0.387 0.068 0.055 0.387 0.151 0.233 0.164 0.075 0.243 0.192 0.335 0.062 0.048 0.055 0.082 0.082 0.061 0.223 0.387 0.274 0.065 0.164 0.086 0.271 0.089 0.061 0.058 0.096 0.058 0.387 0.387 0.387 0.048 0.058 0.093 0.082 0.103 0.387 0.055 0.387 0.387 0.103 0.096 0.117 0.082 0.130 0.079 0.387 0.048 0.387 0.061 0.106 0.113 0.055 0.130 0.103 0.103 0.117 0.076 0.065 0.230 0.086 0.387 0.127 0.110 0.093 0.329 0.075 0.103 0.072 0.051 0.092 0.205 0.154 0.058 0.051 0.058 0.110 0.061 0.058 0.110 0.082 0.065 0.099 0.233 0.387 0.072 0.076 0.078 0.062 0.243 0.072 0.082 0.199 0.041
0.078 0.076 0.060 0.076 0.076 0.076 0.076 0.076 0.076 0.075 0.079 0.083 0.074 0.068 0.052 0.076 0.076 0.068 0.076 0.082 0.081 0.062 0.076 0.076 0.076 0.076 0.078 0.076 0.067 0.080 0.033 0.076 0.078 0.060 0.076 0.076 0.076 0.068 0.038 0.076 0.083 0.086 0.076 0.008 0.076 0.076 0.073 0.076 0.076 0.079 0.076 0.078 0.076 0.035 0.076 0.050 0.076 0.076 0.076 0.076 0.076 0.076 0.076 0.083 0.076 0.078 0.079 0.076 0.076 0.076 0.075 0.076 0.080 0.086 0.073 0.006 0.085 0.078 0.076 0.057 0.004 0.060 0.076 0.006 0.076 0.076 0.079 0.074 nan 0.074 0.076 0.076 0.081 0.055 0.076 0.068 0.073 0.085 0.080 0.007
0.115 0.161 0.098 0.127 0.368 0.368 0.085 0.123 0.368 0.081 0.064 0.085 0.077 0.047 0.060 0.368 0.165 0.145 0.132 0.081 0.081 0.115 0.368 0.368 0.368 0.089 0.085 0.284 0.076 0.089 0.064 0.152 0.073 0.060 0.368 0.368 0.368 0.145 0.064 0.368 0.081 0.081 0.368 0.085 0.368 0.368 0.089 0.072 0.368 0.072 0.368 0.093 0.368 0.064 0.368 0.081 0.368 0.368 0.153 0.368 0.368 0.101 0.368 0.089 0.347 0.076 0.089 0.368 0.077 0.368 0.081 0.347 0.072 0.081 0.153 0.085 0.097 0.097 0.360 0.068 0.110 0.068 0.368 0.081 0.127 0.140 0.072 0.081 0.085 0.064 0.368 0.102 0.085 0.139 0.127 0.051 0.153 0.076 0.051 0.089
0.146 0.139 0.145 0.147 0.660 0.660 0.143 0.142 0.660 0.234 0.153 0.180 0.196 0.145 0.157 0.660 0.144 0.140 0.142 0.194 0.159 0.140 0.149 0.660 0.660 0.142 0.178 0.155 0.144 0.156 0.170 0.142 0.163 0.142 0.660 0.570 0.660 0.140 0.161 0.176 0.195 0.289 0.660 0.186 0.660 0.660 0.154 0.168 0.253 0.173 0.155 0.144 0.159 0.169 0.660 0.143 0.252 0.221 0.142 0.156 0.210 0.157 0.253 0.196 0.170 0.163 0.163 0.660 0.139 0.252 0.183 0.394 0.164 0.289 0.138 0.182 0.163 0.163 0.150 0.142 0.183 0.142 0.218 0.188 0.142 0.142 0.159 0.193 0.166 0.153 0.660 0.141 0.194 0.141 0.140 0.146 0.138 0.169 0.161 0.184
nan 0.208 0.020 0.060 0.534 0.534 0.030 0.030 0.534 0.050 0.030 0.060 0.030 0.020 0.030 0.534 0.317 0.050 0.060 0.070 0.050 0.030 0.317 0.534 0.534 0.050 0.060 0.356 0.020 0.050 0.030 0.217 0.050 0.020 0.534 0.099 0.534 0.050 0.020 0.534 0.060 0.060 0.534 0.040 0.534 0.534 0.050 0.050 0.534 0.060 0.534 0.060 0.317 0.030 0.534 0.020 0.534 0.534 0.168 0.534 0.534 0.050 0.534 0.060 0.534 0.070 0.050 0.534 0.050 0.534 0.050 0.060 0.030 0.060 0.060 0.040 0.060 0.070 0.317 0.020 0.049 0.020 0.534 0.040 0.050 0.317 0.060 0.030 0.060 0.050 0.534 0.050 0.080 0.029 0.030 0.020 0.060 0.060 0.060 0.040
0.023 0.023 0.020 0.023 0.023 0.023 0.023 0.023 0.023 0.026 0.023 0.023 0.023 0.017 0.015 0.023 0.023 0.023 0.023 0.023 0.026 0.021 0.023 0.023 0.023 0.023 0.023 0.023 0.017 0.026 0.017 0.023 0.025 0.019 0.023 0.023 0.023 0.023 0.017 0.023 0.023 0.026 0.023 0.015 0.023 0.023 0.025 0.026 0.023 0.023 0.023 0.023 0.023 0.016 0.023 0.018 0.023 0.023 0.023 0.023 0.023 0.026 0.023 0.023 0.023 0.023 0.026 0.023 0.023 0.023 0.026 0.023 0.023 0.026 0.023 0.012 0.027 0.023 0.023 0.018 0.013 0.019 0.023 0.014 0.023 0.023 0.023 0.023 0.026 0.023 0.023 0.023 0.023 0.018 0.023 0.016 0.023 0.027 0.023 0.014
0.425 0.536 0.511 0.471 0.536 0.536 0.455 0.512 0.536 0.202 0.205 0.213 0.176 0.204 0.177 0.536 0.536 0.511 0.511 0.231 0.205 0.530 0.536 0.536 0.536 0.465 0.259 0.536 0.186 0.205 0.149 0.426 0.214 0.445 0.536 0.536 0.536 0.511 0.232 0.536 0.223 0.259 0.536 0.408 0.536 0.536 0.204 0.259 0.536 0.277 0.536 0.416 0.536 0.205 0.536 0.407 0.536 0.536 0.493 0.536 0.536 0.158 0.536 0.265 0.536 0.258 0.250 0.536 0.492 0.536 0.239 0.517 0.232 0.259 0.536 0.205 0.259 0.240 0.536 0.435 0.300 0.483 0.536 0.195 0.500 0.536 0.277 0.149 0.259 0.205 0.536 0.464 0.231 0.502 0.511 0.176 0.536 0.259 0.176 0.195
0.166 0.156 0.156 0.165 0.183 0.183 0.195 0.145 0.183 0.194 0.193 0.203 0.154 0.193 0.193 0.183 0.193 0.106 0.155 0.165 0.165 0.147 0.183 0.183 0.183 0.166 0.203 0.183 0.193 0.175 0.184 0.195 0.154 0.184 0.183 0.183 0.183 0.106 0.175 0.183 0.165 0.185 0.183 0.148 0.183 0.183 0.166 0.155 0.183 0.174 0.183 0.176 0.183 0.194 0.183 0.183 0.183 0.183 0.145 0.183 0.183 0.194 0.183 0.165 0.183 0.193 0.183 0.183 0.183 0.183 0.213 0.183 0.154 0.185 0.126 0.146 0.174 0.193 0.183 0.174 0.185 0.184 0.183 0.158 0.136 0.183 0.185 0.174 0.165 0.193 0.183 0.156 0.165 0.165 0.145 0.193 0.126 0.183 0.193 0.137
0.156 0.498 0.000 0.386 0.493 0.493 0.053 0.349 0.493 0.142 0.325 0.287 0.000 0.011 0.003 0.493 0.490 0.265 0.351 0.142 0.088 0.046 0.493 0.493 0.493 0.166 0.282 0.421 0.321 0.080 0.000 0.487 0.196 0.000 0.493 0.493 0.493 0.265 0.000 0.477 0.123 0.190 0.493 0.096 0.493 0.493 0.088 0.161 0.493 0.150 0.493 0.169 0.493 0.000 0.493 0.000 0.493 0.493 0.479 0.493 0.493 0.169 0.493 0.193 0.265 0.287 0.172 0.493 0.174 0.493 0.139 0.488 0.000 0.190 0.265 0.035 0.161 0.287 0.493 0.000 0.037 0.000 0.493 0.030 0.273 0.265 0.174 0.013 0.164 0.325 0.493 0.104 0.193 0.263 0.349 0.011 0.265 0.163 0.231 0.032
0.293 0.330 0.323 0.330 0.330 0.330 0.179 0.330 0.330 0.263 0.144 0.199 0.000 0.191 0.255 0.330 0.330 0.330 0.330 0.194 0.204 0.342 0.330 0.330 0.330 0.357 0.201 0.330 0.191 0.191 0.012 0.330 0.218 0.000 0.330 0.330 0.330 0.330 0.000 0.330 0.201 0.231 0.330 0.308 0.330 0.330 0.184 0.231 0.330 0.219 0.330 0.249 0.330 0.072 0.330 0.000 0.330 0.330 0.340 0.330 0.330 0.238 0.330 0.216 0.330 0.186 0.211 0.330 0.333 0.330 0.246 0.330 0.000 0.231 0.330 0.164 0.201 0.201 0.330 0.000 0.196 0.003 0.330 0.169 0.335 0.330 0.258 0.010 0.194 0.144 0.330 0.283 0.216 0.350 0.330 0.191 0.330 0.214 0.117 0.211
0.140 0.207 0.014 0.156 0.489 0.489 0.024 0.035 0.489 0.102 0.293 0.322 0.057 0.040 0.035 0.489 0.215 0.035 0.035 0.151 0.051 0.030 0.452 0.489 0.489 0.218 0.325 0.215 0.371 0.051 0.035 0.204 0.204 0.014 0.489 0.489 0.489 0.035 0.041 0.048 0.129 0.194 0.489 0.027 0.489 0.489 0.054 0.196 0.285 0.148 0.489 0.124 0.489 0.030 0.489 0.014 0.255 0.489 0.212 0.489 0.231 0.175 0.266 0.194 0.035 0.282 0.156 0.489 0.250 0.363 0.102 0.460 0.051 0.194 0.035 0.027 0.167 0.319 0.333 0.014 0.014 0.014 0.489 0.027 0.182 0.035 0.140 0.054 0.180 0.293 0.489 0.035 0.194 0.035 0.035 0.040 0.035 0.180 0.113 0.016
0.227 0.265 0.219 0.219 0.265 0.265 0.236 0.215 0.265 0.172 0.146 0.197 0.155 0.129 0.137 0.265 0.265 0.256 0.269 0.184 0.176 0.202 0.265 0.265 0.265 0.249 0.201 0.265 0.120 0.172 0.167 0.253 0.159 0.219 0.265 0.265 0.265 0.256 0.189 0.265 0.184 0.150 0.265 0.172 0.265 0.265 0.163 0.172 0.265 0.184 0.265 0.214 0.265 0.141 0.265 0.223 0.265 0.265 0.219 0.265 0.265 0.163 0.265 0.205 0.265 0.159 0.142 0.265 0.257 0.265 0.146 0.253 0.232 0.150 0.265 0.138 0.158 0.184 0.265 0.240 0.137 0.219 0.265 0.159 0.257 0.265 0.202 0.141 0.146 0.142 0.265 0.236 0.197 0.223 0.219 0.129 0.265 0.142 0.146 0.171
0.634 0.543 0.614 0.613 0.682 0.682 0.623 0.613 0.682 0.675 0.711 0.644 0.641 0.711 0.663 0.682 0.564 0.537 0.553 0.611 0.722 0.632 0.682 0.682 0.682 0.602 0.645 0.682 0.711 0.721 0.635 0.614 0.633 0.663 0.682 0.682 0.682 0.537 0.625 0.682 0.679 0.665 0.682 0.536 0.682 0.682 0.645 0.701 0.682 0.613 0.682 0.663 0.682 0.614 0.682 0.616 0.682 0.682 0.585 0.682 0.682 0.575 0.682 0.583 0.682 0.721 0.606 0.682 0.682 0.682 0.645 0.682 0.643 0.665 0.556 0.645 0.654 0.721 0.682 0.644 0.625 0.672 0.682 0.594 0.632 0.682 0.594 0.642 0.691 0.711 0.682 0.574 0.564 0.627 0.613 0.711 0.556 0.685 0.730 0.559
0.133 0.300 0.133 0.133 0.533 0.533 0.183 0.150 0.533 0.450 0.333 0.217 0.183 0.333 0.133 0.533 0.533 0.233 0.283 0.200 0.217 0.133 0.533 0.533 0.533 0.300 0.217 0.533 0.433 0.267 0.133 0.450 0.367 0.133 0.533 0.533 0.533 0.233 0.133 0.533 0.200 0.250 0.533 0.500 0.533 0.533 0.383 0.367 0.533 0.200 0.533 0.167 0.533 0.133 0.533 0.133 0.533 0.533 0.267 0.533 0.533 0.383 0.533 0.250 0.533 0.400 0.300 0.533 0.383 0.533 0.467 0.533 0.183 0.250 0.333 0.233 0.367 0.217 0.533 0.133 0.250 0.133 0.533 0.367 0.233 0.533 0.200 0.183 0.333 0.333 0.533 0.317 0.250 0.150 0.183 0.333 0.333 0.300 0.167 0.400
0.358 0.417 0.258 0.358 0.417 0.417 0.283 0.317 0.417 0.392 0.475 0.283 0.283 0.350 0.300 0.417 0.417 0.258 0.267 0.250 0.325 0.258 0.383 0.417 0.417 0.317 0.283 0.417 0.408 0.325 0.258 0.383 0.358 0.258 0.417 0.442 0.417 0.258 0.258 0.392 0.283 0.300 0.417 0.300 0.417 0.417 0.308 0.358 0.417 0.250 0.417 0.358 0.500 0.225 0.417 0.258 0.417 0.392 0.417 0.417 0.417 0.350 0.417 0.250 0.417 0.450 0.317 0.417 0.467 0.417 0.350 0.433 0.283 0.300 0.408 0.317 0.325 0.375 0.433 0.258 0.325 0.258 0.417 0.292 0.367 0.333 0.250 0.233 0.350 0.475 0.417 0.200 0.250 0.367 0.308 0.350 0.408 0.325 0.275 0.292
0.250 0.300 0.175 0.292 0.475 0.475 0.242 0.275 0.475 0.367 0.500 0.400 0.208 0.475 0.383 0.475 0.350 0.183 0.217 0.242 0.308 0.200 0.475 0.475 0.475 0.408 0.367 0.475 0.475 0.317 0.217 0.292 0.267 0.158 0.475 0.475 0.475 0.183 0.158 0.475 0.217 0.375 0.475 0.183 0.475 0.475 0.375 0.408 0.475 0.242 0.475 0.275 0.475 0.242 0.475 0.142 0.475 0.475 0.333 0.475 0.475 0.317 0.475 0.275 0.475 0.500 0.383 0.475 0.417 0.475 0.167 0.475 0.208 0.375 0.275 0.108 0.233 0.450 0.475 0.133 0.108 0.133 0.475 0.167 0.358 0.475 0.242 0.233 0.350 0.500 0.475 0.317 0.275 0.167 0.242 0.475 0.275 0.375 0.392 0.167
0.205 0.275 0.390 0.260 0.420 0.420 0.300 0.270 0.420 0.350 0.420 0.350 0.275 0.420 0.420 0.420 0.420 0.250 0.230 0.255 0.300 0.370 0.420 0.420 0.420 0.330 0.350 0.420 0.420 0.300 0.255 0.370 0.350 0.345 0.420 0.420 0.420 0.250 0.345 0.420 0.255 0.355 0.420 0.290 0.420 0.420 0.395 0.295 0.420 0.255 0.420 0.180 0.420 0.230 0.420 0.370 0.420 0.420 0.225 0.420 0.420 0.375 0.420 0.310 0.420 0.370 0.440 0.420 0.420 0.420 0.470 0.420 0.275 0.355 0.300 0.345 0.320 0.350 0.420 0.370 0.350 0.370 0.420 0.330 0.295 0.420 0.255 0.275 0.300 0.420 0.420 0.185 0.310 0.390 0.320 0.420 0.300 0.395 0.420 0.280
0.097 0.097 0.097 0.097 0.097 0.097 0.097 0.097 0.097 0.097 0.097 0.097 0.097 0.097 0.097 0.097 0.097 0.077 0.097 0.097 0.097 0.097 0.097 0.097 0.097 0.097 0.097 0.097 0.097 0.097 0.097 0.097 0.097 0.097 0.097 0.097 0.097 0.077 0.097 0.097 0.097 0.097 0.097 0.097 0.097 0.097 0.097 0.097 0.097 0.097 0.097 0.097 0.097 0.097 0.097 0.097 0.097 0.097 0.097 0.097 0.097 0.097 0.097 0.097 0.097 0.097 0.097 0.097 0.097 0.097 0.097 0.097 0.097 0.097 0.077 0.097 0.097 0.097 0.097 0.097 0.097 0.097 0.097 0.097 0.097 0.097 0.097 0.097 0.097 0.097 0.097 0.097 0.097 0.077 0.097 0.097 0.077 0.097 0.097 0.097
0.625 0.433 0.717 0.617 0.433 0.433 nan 0.683 0.433 0.683 0.742 nan nan 0.742 0.625 0.433 0.433 0.592 0.567 0.742 nan 0.717 0.433 0.433 0.433 0.500 0.742 0.433 0.742 nan 0.633 0.433 0.708 nan 0.433 0.433 0.433 0.592 0.658 0.433 0.742 0.733 0.433 0.558 0.433 0.433 0.742 0.742 0.433 0.742 0.433 0.683 0.433 0.650 0.433 0.717 0.433 0.433 0.592 0.433 0.433 nan 0.433 nan 0.433 0.742 nan 0.433 0.467 0.433 nan 0.433 nan 0.733 0.433 0.500 0.717 0.742 0.433 0.750 0.533 nan 0.433 0.633 0.558 0.433 nan nan 0.742 0.742 0.433 nan 0.742 0.408 nan 0.742 0.433 0.742 nan 0.600
0.000 0.000 0.000 0.000 0.486 0.486 0.000 0.000 0.271 0.000 0.000 0.000 0.000 0.000 0.000 0.000 0.000 0.000 0.000 0.000 0.000 0.000 0.000 0.486 0.000 0.000 0.000 0.000 0.000 0.000 0.000 0.000 0.000 0.000 0.486 0.000 0.000 0.000 0.000 0.000 0.000 0.000 0.486 0.000 0.486 0.486 0.000 0.000 0.000 0.000 0.000 0.000 0.000 0.000 0.486 0.000 0.000 0.000 0.000 0.000 0.000 0.000 0.000 0.000 0.000 0.000 0.000 0.486 0.000 0.000 0.000 0.000 0.000 0.000 0.000 0.000 0.000 0.000 0.000 0.000 0.000 0.000 0.000 0.000 0.000 0.000 0.000 0.000 0.000 0.000 0.486 0.000 0.000 0.000 0.000 0.000 0.000 0.000 0.000 0.000
0.591 0.535 0.570 0.609 0.755 0.755 0.609 0.592 0.755 0.658 0.658 0.649 0.605 0.667 0.632 0.755 0.605 0.566 0.544 0.622 0.653 0.584 0.755 0.755 0.755 0.575 0.645 0.755 0.671 0.632 0.592 0.517 0.588 0.592 0.755 0.755 0.755 0.566 0.592 0.755 0.648 0.662 0.755 0.536 0.755 0.755 0.623 0.653 0.755 0.613 0.755 0.622 0.755 0.578 0.755 0.587 0.755 0.755 0.570 0.755 0.755 0.588 0.755 0.605 0.755 0.649 0.601 0.755 0.619 0.755 0.619 0.724 0.605 0.662 0.579 0.605 0.618 0.658 0.755 0.605 0.557 0.600 0.755 0.592 nan 0.755 0.613 0.626 0.631 0.658 0.755 0.570 0.605 0.615 0.583 0.667 0.579 0.627 0.658 0.597
0.500 0.392 0.431 0.446 0.662 0.662 0.454 0.462 0.662 0.523 0.646 0.608 0.446 0.662 0.631 0.662 0.415 0.400 0.438 0.462 0.492 0.431 0.662 0.662 0.662 0.562 0.608 0.662 0.662 0.454 0.400 0.354 0.462 0.400 0.662 0.662 0.662 0.400 0.400 0.662 0.454 0.515 0.662 0.354 0.662 0.662 0.454 0.477 0.662 0.462 0.662 0.500 0.662 0.500 0.662 0.438 0.662 0.662 0.415 0.662 0.662 0.462 0.662 0.546 0.538 0.646 0.515 0.662 0.638 0.662 0.500 0.662 0.446 0.515 0.408 0.346 0.469 0.638 0.662 0.400 0.362 0.400 0.662 0.369 0.446 0.662 0.462 0.415 0.515 0.646 0.662 0.408 0.546 0.431 0.462 0.662 0.408 0.500 0.623 0.369
0.157 0.160 0.145 0.160 0.238 0.238 0.151 0.154 0.210 0.178 0.195 0.196 0.185 0.204 0.190 0.169 0.160 0.145 0.154 0.187 0.190 0.145 0.172 0.238 0.170 0.163 0.183 0.161 0.204 0.185 0.179 0.160 0.181 0.156 0.238 0.233 0.209 0.145 0.178 0.149 0.185 0.194 0.238 0.159 0.238 0.238 0.182 0.184 0.159 0.179 0.161 0.157 0.232 0.183 0.238 0.153 0.151 0.155 0.160 0.166 0.161 0.186 0.159 0.200 0.147 0.190 0.191 0.212 0.168 0.151 0.181 0.203 0.170 0.194 0.145 0.166 0.191 0.188 0.168 0.155 0.163 0.150 0.161 0.166 0.160 0.148 0.177 0.186 0.191 0.197 0.238 0.158 0.185 0.144 0.154 0.204 0.145 0.190 0.199 0.167
nan nan nan nan nan nan nan nan nan nan nan nan nan nan nan nan nan nan nan nan nan nan nan nan nan nan nan nan nan nan nan 0.399 nan nan nan nan nan nan nan nan nan nan nan 0.147 nan nan nan nan nan nan nan nan nan nan nan nan nan nan 0.399 nan nan nan nan nan nan nan nan nan nan nan nan nan nan nan nan 0.143 nan nan nan nan 0.140 nan nan 0.145 nan nan nan nan nan nan nan nan nan 0.322 nan nan nan nan nan 0.142
0.433 0.675 0.407 0.434 0.687 0.687 0.410 0.435 0.687 0.445 0.390 0.435 0.396 0.384 0.400 0.687 0.687 0.468 0.475 0.406 0.440 0.420 0.687 0.687 0.687 0.460 0.413 0.687 0.383 0.440 0.386 0.453 0.447 0.398 0.687 0.495 0.687 0.468 0.391 0.687 0.404 0.453 0.687 0.413 0.687 0.687 0.452 0.466 0.687 0.418 0.687 0.430 0.687 0.399 0.687 0.405 0.687 0.687 0.430 0.687 0.687 0.461 0.687 0.411 0.687 0.431 0.442 0.687 0.465 0.687 0.426 0.424 0.396 0.453 0.554 0.428 0.455 0.426 0.687 0.401 0.423 0.398 0.687 0.433 0.461 0.687 0.423 0.386 0.458 0.436 0.687 0.444 0.405 0.410 0.418 0.383 0.554 0.453 0.444 0.409
0.179 0.195 0.124 0.186 0.764 0.764 0.139 0.152 0.671 0.131 0.121 0.165 0.127 0.094 0.099 0.314 0.198 0.143 0.153 0.171 0.126 0.129 0.162 0.764 0.314 0.181 0.167 0.202 0.086 0.129 0.101 0.235 0.168 0.110 0.764 0.127 0.669 0.143 0.102 0.182 0.172 0.174 0.764 0.102 0.764 0.764 0.126 0.172 0.257 0.173 0.280 0.177 0.189 0.103 0.764 0.113 0.257 0.220 0.233 0.323 0.245 0.178 0.257 0.166 0.184 0.162 0.173 0.681 0.179 0.257 0.126 0.170 0.128 0.174 0.149 0.094 0.177 0.163 0.195 0.112 0.098 0.113 0.220 0.102 0.184 0.153 0.173 0.122 0.174 0.131 0.764 0.138 0.169 0.175 0.149 0.084 0.149 0.177 0.126 0.103
0.793 0.809 0.746 0.806 0.836 0.836 0.756 0.759 0.836 0.786 0.745 0.742 0.750 0.733 0.745 0.836 0.817 0.762 0.769 0.748 0.802 0.748 0.801 0.836 0.836 0.792 0.754 0.808 0.735 0.800 0.730 0.801 0.788 0.737 0.836 0.771 0.836 0.762 0.733 0.812 0.749 0.804 0.836 0.751 0.836 0.836 0.787 0.801 0.836 0.758 0.836 0.775 0.805 0.732 0.836 0.733 0.836 0.836 0.801 0.836 0.836 0.788 0.836 0.748 0.810 0.740 0.806 0.836 0.780 0.836 0.798 0.763 0.745 0.804 0.774 0.762 0.806 0.748 0.806 0.735 0.742 0.738 0.836 0.770 0.807 0.799 0.764 0.749 0.804 0.738 0.836 0.766 0.748 0.747 0.756 0.728 0.775 0.806 0.740 0.771
0.347 0.661 0.267 0.523 0.840 0.840 0.306 0.507 0.840 0.498 0.787 0.584 0.208 0.684 0.250 0.799 0.668 0.538 0.581 0.257 0.402 0.322 0.737 0.840 0.798 0.392 0.584 0.652 0.840 0.406 0.133 0.692 0.463 0.150 0.840 0.840 0.840 0.538 0.144 0.679 0.250 0.568 0.840 0.327 0.840 0.840 0.402 0.458 0.755 0.255 0.770 0.321 0.840 0.123 0.840 0.180 0.745 0.752 0.685 0.770 0.734 0.447 0.755 0.291 0.652 0.726 0.433 0.840 0.520 0.746 0.453 0.840 0.198 0.568 0.575 0.266 0.430 0.694 0.724 0.166 0.285 0.181 0.760 0.277 0.493 0.542 0.259 0.194 0.437 0.786 0.840 0.279 0.291 0.643 0.505 0.684 0.573 0.438 0.653 0.281
0.227 0.227 0.224 0.227 0.227 0.227 0.238 0.235 0.227 0.253 0.263 0.321 0.267 0.267 0.361 0.227 0.227 0.227 0.227 0.274 0.311 0.224 0.227 0.227 0.227 0.227 0.253 0.227 0.267 0.307 0.328 0.227 0.235 0.238 0.227 0.227 0.227 0.227 0.271 0.227 0.278 0.311 0.227 0.249 0.227 0.227 0.274 0.271 0.227 0.271 0.227 0.231 0.227 0.379 0.227 0.231 0.227 0.227 0.227 0.227 0.227 0.303 0.227 0.336 0.227 0.253 0.278 0.227 0.227 0.227 0.275 0.227 0.271 0.311 0.227 0.293 0.314 0.253 0.227 0.238 0.289 0.238 0.227 0.278 0.227 0.227 0.260 0.274 0.303 0.318 0.227 0.235 0.271 0.257 0.235 0.307 0.227 0.300 0.307 0.249
0.050 0.042 0.025 0.050 0.508 0.508 0.083 0.050 0.508 0.075 0.025 0.042 0.075 0.025 0.025 0.508 0.033 0.033 0.033 0.058 0.033 0.025 0.267 0.508 0.508 0.025 0.033 0.500 0.008 0.033 0.033 0.025 0.033 0.042 0.508 0.375 0.508 0.033 0.033 0.500 0.058 0.067 0.508 0.033 0.508 0.508 0.050 0.033 0.508 0.058 0.508 0.050 0.417 0.042 0.508 0.050 0.508 0.500 0.025 0.508 0.508 0.042 0.508 0.050 0.508 0.050 0.042 0.508 0.025 0.508 0.100 0.050 0.075 0.067 0.042 0.050 0.033 0.050 0.242 0.042 0.033 0.042 0.500 0.025 0.017 0.117 0.050 0.067 0.042 0.025 0.508 0.033 0.050 0.033 0.067 0.017 0.042 0.042 0.033 0.025
0.425 0.492 0.366 0.427 0.708 0.708 0.399 0.419 0.708 0.476 0.482 0.460 0.445 0.520 0.500 0.708 0.532 0.385 0.431 0.439 0.455 0.387 0.615 0.708 0.708 0.490 0.441 0.577 0.540 0.431 0.419 0.460 0.435 0.403 0.708 0.708 0.708 0.385 0.417 0.615 0.433 0.450 0.708 0.364 0.708 0.708 0.421 0.425 0.615 0.437 0.708 0.431 0.638 0.457 0.708 0.423 0.615 0.615 0.462 0.708 0.613 0.447 0.615 0.447 0.587 0.441 0.446 0.708 0.488 0.615 0.465 0.490 0.411 0.450 0.409 0.381 0.468 0.460 0.615 0.407 0.358 0.386 0.615 0.382 0.425 0.603 0.423 0.431 0.449 0.496 0.708 0.474 0.441 0.429 0.389 0.534 0.409 0.437 0.502 0.378
