0.219 0.361 0.361 0.248 0.172 0.218 0.238 0.193 0.208 0.167 0.244 0.177 0.217 0.203 0.361 0.192 0.218 0.193 0.222 0.187 0.192 0.361 0.172 0.248 0.361 0.208 0.213 0.224 0.218 0.172 0.157 0.187 0.162 0.162 0.361 0.188 0.183 0.177 0.177 0.254 0.361 0.218 0.187 0.264 0.361 0.223 0.258 0.248 0.177 0.192 0.361 0.223 0.172 0.218 0.177 0.203 0.193 0.172 0.254 0.187 0.183 0.173 0.361 0.361 0.361 0.202 0.197 0.223 0.172 0.253 0.192 0.203 0.172 0.239 0.218 0.361 0.218 0.182 0.208 0.361 0.187 0.223 0.192 0.187 0.218 0.223 0.361 0.218 0.172 0.243 0.177 0.157 0.361 0.193 0.361 0.157 0.361 0.361 0.172 0.188
0.070 0.224 0.224 0.058 0.113 0.042 0.052 0.017 0.053 0.065 0.040 0.038 0.008 0.045 0.224 0.012 0.032 0.017 0.012 0.047 0.048 0.224 0.037 0.033 0.224 0.077 0.040 0.048 0.224 0.065 0.161 0.020 0.088 0.176 0.224 0.050 0.012 0.040 0.063 0.020 0.224 0.033 0.042 0.055 0.224 0.068 0.108 0.108 0.063 0.035 0.224 0.224 0.012 0.224 0.046 0.015 0.047 0.051 0.050 0.045 0.027 0.055 0.224 0.224 0.224 0.045 0.040 0.052 0.055 0.078 0.052 0.045 0.010 0.048 0.017 0.224 0.037 0.012 0.013 0.224 0.027 0.068 0.007 0.015 0.224 0.032 0.224 0.052 0.075 0.037 0.061 0.158 0.224 0.010 0.224 0.068 0.224 0.224 0.053 0.037
0.077 0.484 0.124 0.415 0.063 0.071 0.119 0.027 0.118 0.058 0.073 0.049 0.007 0.081 0.065 0.011 0.053 0.031 0.007 0.035 0.031 0.359 0.011 0.056 0.134 0.114 0.073 0.070 0.089 0.063 0.072 0.019 0.048 0.120 0.123 0.048 0.028 0.050 0.114 0.019 0.484 0.045 0.035 0.366 0.359 0.076 0.484 0.484 0.113 0.023 0.484 0.080 0.028 0.079 0.033 0.071 0.038 0.042 0.283 0.043 0.036 0.045 0.484 0.091 0.245 0.048 0.033 0.083 0.112 0.484 0.028 0.081 0.028 0.077 0.019 0.084 0.171 0.008 0.009 0.484 0.035 0.080 0.007 0.028 0.088 0.054 0.484 0.075 0.055 0.165 0.050 0.093 0.216 0.021 0.484 0.042 0.090 0.484 0.051 0.030
0.233 0.333 0.333 0.333 0.308 0.283 0.233 0.100 0.233 0.100 0.200 0.150 0.075 0.233 0.333 0.075 0.233 0.100 0.050 0.075 0.075 0.333 0.025 0.108 0.333 0.233 0.233 0.258 0.333 0.233 0.333 0.158 0.075 0.333 0.333 0.125 0.100 0.100 0.100 0.158 0.333 0.108 0.075 0.333 0.333 0.175 0.333 0.333 0.100 0.125 0.333 0.333 0.050 0.333 0.075 0.075 0.075 0.075 0.283 0.075 0.108 0.100 0.333 0.333 0.333 0.050 0.108 0.208 0.075 0.333 0.075 0.233 0.100 0.233 0.100 0.333 0.258 0.100 0.050 0.333 0.108 0.258 0.075 0.200 0.333 0.233 0.333 0.233 0.258 0.258 0.075 0.333 0.333 0.100 0.333 0.125 0.333 0.333 0.100 0.075
0.396 0.439 0.439 0.439 0.419 0.393 0.442 0.317 0.442 0.366 0.409 0.389 0.294 0.399 0.439 0.350 0.435 0.317 0.277 0.379 0.346 0.439 0.313 0.422 0.439 0.435 0.399 0.399 0.439 0.396 0.439 0.426 0.313 0.439 0.439 0.330 0.346 0.379 0.352 0.426 0.439 0.422 0.392 0.439 0.439 0.406 0.439 0.439 0.349 0.353 0.439 0.439 0.366 0.439 0.326 0.376 0.366 0.313 0.439 0.412 0.422 0.310 0.439 0.439 0.439 0.346 0.406 0.399 0.320 0.439 0.353 0.399 0.356 0.396 0.329 0.439 0.439 0.264 0.267 0.439 0.422 0.412 0.294 0.316 0.439 0.435 0.439 0.422 0.396 0.439 0.326 0.439 0.439 0.353 0.439 0.366 0.439 0.439 0.320 0.369
0.180 0.959 0.959 0.081 0.472 0.176 0.133 0.158 0.155 0.283 0.133 0.434 0.077 0.138 0.780 0.151 0.093 0.158 0.074 0.254 0.312 0.959 0.200 0.099 0.923 0.214 0.166 0.169 0.770 0.339 0.650 0.084 0.445 0.682 0.959 0.275 0.152 0.434 0.504 0.046 0.959 0.095 0.232 0.130 0.959 0.151 0.026 0.026 0.505 0.221 0.959 0.791 0.291 0.791 0.363 0.108 0.220 0.356 0.132 0.150 0.140 0.284 0.959 0.922 0.959 0.167 0.222 0.170 0.372 0.029 0.300 0.138 0.291 0.200 0.114 0.922 0.089 0.078 0.074 0.351 0.159 0.194 0.079 0.293 0.770 0.093 0.959 0.140 0.413 0.089 0.332 0.623 0.959 0.149 0.959 0.316 0.923 0.959 0.345 0.184
0.277 0.730 0.730 0.659 0.302 0.290 0.540 0.153 0.540 0.166 0.270 0.258 0.166 0.224 0.730 0.153 0.441 0.153 0.159 0.192 0.185 0.730 0.146 0.317 0.730 0.480 0.283 0.258 0.730 0.263 0.500 0.402 0.212 0.493 0.730 0.212 0.153 0.257 0.225 0.402 0.730 0.317 0.192 0.665 0.730 0.290 0.652 0.652 0.198 0.179 0.730 0.730 0.178 0.730 0.199 0.218 0.185 0.192 0.652 0.232 0.317 0.192 0.730 0.730 0.730 0.179 0.317 0.258 0.199 0.645 0.179 0.224 0.192 0.297 0.211 0.730 0.593 0.192 0.159 0.730 0.317 0.388 0.172 0.179 0.730 0.441 0.730 0.278 0.270 0.593 0.173 0.493 0.730 0.153 0.730 0.277 0.730 0.730 0.198 0.199
0.443 0.422 0.422 0.469 0.422 0.409 0.447 0.388 0.452 0.422 0.426 0.444 0.349 0.465 0.422 0.319 0.460 0.388 0.310 0.422 0.422 0.422 0.422 0.439 0.422 0.430 0.434 0.405 0.422 0.422 0.422 0.280 0.436 0.422 0.422 0.422 0.315 0.444 0.444 0.309 0.422 0.421 0.427 0.413 0.422 0.439 0.392 0.297 0.444 0.427 0.422 0.422 0.315 0.422 0.422 0.331 0.444 0.422 0.447 0.461 0.422 0.422 0.422 0.422 0.422 0.470 0.422 0.452 0.422 0.387 0.422 0.465 0.319 0.409 0.313 0.422 0.409 0.366 0.331 0.422 0.431 0.422 0.318 0.306 0.422 0.495 0.422 0.465 0.422 0.482 0.422 0.422 0.422 0.284 0.422 0.422 0.422 0.422 0.422 0.422
0.369 0.630 0.630 0.435 0.471 0.369 0.393 0.285 0.386 0.420 0.363 0.400 0.263 0.341 0.630 0.291 0.350 0.277 0.313 0.385 0.334 0.630 0.312 0.343 0.630 0.405 0.385 0.357 0.630 0.471 0.573 0.313 0.376 0.573 0.630 0.320 0.291 0.393 0.384 0.320 0.630 0.343 0.320 0.414 0.630 0.355 0.442 0.442 0.369 0.292 0.630 0.630 0.378 0.630 0.384 0.299 0.399 0.370 0.392 0.320 0.343 0.313 0.630 0.630 0.630 0.355 0.342 0.357 0.392 0.456 0.334 0.341 0.377 0.385 0.270 0.630 0.385 0.276 0.270 0.630 0.336 0.427 0.341 0.341 0.630 0.350 0.630 0.349 0.478 0.385 0.413 0.573 0.630 0.284 0.630 0.464 0.630 0.630 0.319 0.342
0.230 0.450 0.450 0.450 0.180 0.300 0.390 0.220 0.390 0.160 0.290 0.210 0.240 0.330 0.450 0.260 0.340 0.220 0.200 0.200 0.230 0.450 0.190 0.230 0.450 0.310 0.240 0.250 0.450 0.170 0.180 0.260 0.180 0.180 0.450 0.210 0.230 0.200 0.190 0.260 0.450 0.230 0.270 0.450 0.450 0.230 0.450 0.450 0.200 0.250 0.450 0.450 0.280 0.450 0.210 0.230 0.220 0.190 0.440 0.260 0.230 0.190 0.450 0.450 0.450 0.240 0.230 0.260 0.150 0.450 0.220 0.330 0.270 0.280 0.240 0.450 0.430 0.230 0.240 0.450 0.230 0.310 0.190 0.240 0.450 0.340 0.450 0.320 0.180 0.430 0.210 0.190 0.450 0.260 0.450 0.200 0.450 0.450 0.180 0.260
0.122 0.523 0.523 0.081 0.083 0.124 0.057 0.076 0.062 0.093 0.126 0.107 0.157 0.124 0.487 0.083 0.038 0.086 0.136 0.036 0.081 0.523 0.095 0.031 0.523 0.122 0.129 0.124 0.465 0.100 0.095 0.064 0.095 0.095 0.523 0.095 0.095 0.107 0.107 0.031 0.523 0.031 0.036 0.146 0.523 0.122 0.146 0.146 0.107 0.067 0.523 0.463 0.107 0.465 0.095 0.155 0.033 0.074 0.081 0.031 0.050 0.091 0.523 0.523 0.523 0.007 0.074 0.122 0.095 0.081 0.076 0.124 0.107 0.124 0.148 0.523 0.057 0.141 0.155 0.093 0.050 0.127 0.160 0.107 0.465 0.038 0.523 0.124 0.088 0.057 0.083 0.095 0.523 0.067 0.523 0.098 0.523 0.523 0.074 0.043
0.121 0.893 0.218 0.320 0.067 0.100 0.082 0.025 0.082 0.040 0.105 0.063 0.068 0.097 0.088 0.025 0.055 0.025 0.072 0.067 0.056 0.893 0.026 0.047 0.131 0.113 0.104 0.111 0.082 0.048 0.078 0.040 0.058 0.104 0.216 0.049 0.025 0.067 0.097 0.040 0.893 0.047 0.053 0.356 0.893 0.111 0.882 0.882 0.097 0.040 0.893 0.096 0.025 0.096 0.049 0.088 0.066 0.058 0.163 0.055 0.047 0.044 0.893 0.110 0.731 0.061 0.048 0.107 0.067 0.711 0.054 0.097 0.024 0.099 0.057 0.099 0.127 0.069 0.067 0.893 0.047 0.109 0.070 0.027 0.082 0.055 0.893 0.090 0.059 0.127 0.049 0.060 0.696 0.025 0.893 0.041 0.111 0.893 0.063 0.046
0.297 0.276 0.276 0.276 0.281 0.275 0.302 0.281 0.302 0.281 0.271 0.239 0.312 0.260 0.276 0.255 0.312 0.281 0.276 0.316 0.260 0.276 0.276 0.281 0.276 0.281 0.281 0.249 0.276 0.307 0.276 0.292 0.239 0.276 0.276 0.245 0.281 0.239 0.229 0.292 0.276 0.281 0.260 0.297 0.276 0.240 0.276 0.276 0.229 0.286 0.276 0.276 0.259 0.276 0.271 0.240 0.312 0.271 0.302 0.359 nan 0.250 0.276 0.276 0.276 0.349 0.255 0.286 0.265 0.276 0.265 0.260 0.259 0.255 0.255 0.276 0.286 0.276 0.239 0.276 0.281 0.271 0.271 0.275 0.276 0.312 0.276 0.276 0.307 0.286 0.281 0.276 0.276 0.281 0.276 0.244 0.276 0.276 0.260 0.333
0.015 0.318 0.318 0.034 0.034 0.017 0.060 0.028 0.026 0.030 0.019 0.028 0.038 0.021 0.053 0.030 0.038 0.028 0.034 0.021 0.023 0.318 0.028 0.036 0.143 0.017 0.019 0.017 0.053 0.034 0.049 0.032 0.030 0.045 0.318 0.026 0.030 0.028 0.026 0.051 0.318 0.036 0.019 0.062 0.318 0.015 0.032 0.032 0.026 0.028 0.318 0.053 0.028 0.053 0.028 0.026 0.026 0.023 0.062 0.021 0.026 0.026 0.318 0.143 0.318 0.023 0.028 0.019 0.028 0.034 0.021 0.021 0.028 0.017 0.028 0.151 0.038 0.034 0.036 0.028 0.023 0.026 0.049 0.028 0.053 0.038 0.318 0.030 0.034 0.038 0.030 0.049 0.318 0.030 0.318 0.041 0.147 0.318 0.023 0.026
0.133 0.893 0.893 0.115 0.073 0.131 0.031 0.043 0.031 0.050 0.137 0.087 0.109 0.136 0.805 0.049 0.025 0.043 0.108 0.053 0.045 0.893 0.036 0.026 0.893 0.290 0.131 0.140 0.660 0.061 0.199 0.022 0.070 0.204 0.893 0.040 0.049 0.091 0.083 0.022 0.893 0.026 0.031 0.287 0.893 0.135 0.802 0.802 0.081 0.037 0.893 0.666 0.105 0.667 0.050 0.278 0.052 0.046 0.062 0.026 0.026 0.039 0.893 0.893 0.893 0.035 0.025 0.138 0.054 0.201 0.041 0.136 0.081 0.136 0.137 0.893 0.030 0.102 0.102 0.842 0.026 0.142 0.120 0.066 0.669 0.025 0.893 0.128 0.068 0.030 0.050 0.196 0.893 0.049 0.893 0.068 0.893 0.893 0.047 0.046
0.420 0.893 0.893 0.331 0.581 0.437 0.325 0.299 0.360 0.336 0.432 0.409 0.331 0.437 0.791 0.292 0.322 0.299 0.316 0.328 0.406 0.893 0.306 0.320 0.809 0.408 0.432 0.425 0.791 0.516 0.771 0.290 0.504 0.771 0.893 0.413 0.291 0.392 0.409 0.267 0.893 0.325 0.380 0.326 0.893 0.420 0.285 0.261 0.411 0.401 0.893 0.791 0.285 0.791 0.415 0.331 0.326 0.416 0.323 0.322 0.381 0.416 0.893 0.809 0.893 0.316 0.413 0.418 0.416 0.292 0.410 0.437 0.281 0.437 0.321 0.798 0.342 0.313 0.331 0.562 0.401 0.410 0.320 0.281 0.791 0.323 0.893 0.437 0.581 0.323 0.433 0.772 0.893 0.283 0.893 0.302 0.822 0.893 0.413 0.337
0.124 0.893 0.045 0.892 0.031 0.112 0.891 0.025 0.891 0.028 0.129 0.063 0.071 0.116 0.893 0.022 0.892 0.028 0.073 0.022 0.031 0.070 0.145 0.889 0.034 0.644 0.102 0.118 0.029 0.025 0.031 0.892 0.051 0.030 0.040 0.028 0.028 0.060 0.059 0.892 0.628 0.889 0.884 0.892 0.070 0.125 0.892 0.892 0.060 0.468 0.893 0.029 0.046 0.030 0.129 0.074 0.024 0.022 0.892 0.887 0.889 0.028 0.893 0.034 0.889 0.848 0.889 0.116 0.030 0.892 0.129 0.116 0.046 0.119 0.057 0.693 0.892 0.069 0.058 0.893 0.889 0.116 0.070 0.051 0.030 0.892 0.893 0.125 0.028 0.892 0.028 0.031 0.181 0.025 0.893 0.049 0.047 0.893 0.024 0.028
0.117 0.282 0.282 0.282 0.169 0.134 0.234 0.055 0.234 0.078 0.107 0.102 0.029 0.119 0.282 0.035 0.087 0.055 0.026 0.039 0.040 0.282 0.042 0.016 0.282 0.178 0.122 0.124 0.282 0.137 0.275 0.015 0.137 0.275 0.282 0.082 0.049 0.101 0.120 0.015 0.282 0.016 0.041 0.282 0.282 0.109 0.282 0.282 0.125 0.010 0.282 0.282 0.102 0.282 0.099 0.142 0.038 0.117 0.279 0.056 0.016 0.087 0.282 0.282 0.282 0.037 0.020 0.118 0.124 0.282 0.039 0.119 0.103 0.125 0.142 0.282 0.282 0.051 0.050 0.282 0.016 0.161 0.029 0.105 0.282 0.087 0.282 0.120 0.150 0.282 0.100 0.272 0.282 0.045 0.282 0.132 0.282 0.282 0.101 0.016
0.330 0.893 0.893 0.221 0.298 0.317 0.291 0.169 0.281 0.199 0.296 0.272 0.247 0.307 0.621 0.172 0.222 0.169 0.258 0.246 0.260 0.893 0.175 0.223 0.859 0.322 0.328 0.328 0.552 0.222 0.340 0.171 0.278 0.413 0.893 0.240 0.170 0.272 0.319 0.193 0.893 0.223 0.243 0.283 0.893 0.310 0.301 0.301 0.319 0.222 0.893 0.577 0.187 0.577 0.269 0.328 0.246 0.273 0.278 0.278 0.216 0.240 0.893 0.862 0.893 0.278 0.209 0.322 0.287 0.201 0.253 0.307 0.172 0.317 0.261 0.868 0.218 0.257 0.252 0.311 0.216 0.318 0.255 0.169 0.556 0.222 0.893 0.291 0.266 0.217 0.242 0.308 0.893 0.184 0.893 0.213 0.864 0.893 0.271 0.228
0.559 0.578 0.578 0.537 0.575 0.568 0.553 0.484 0.573 0.517 0.551 0.529 0.498 0.563 0.578 0.482 0.540 0.486 0.483 0.552 0.551 0.578 0.512 0.548 0.578 0.550 0.568 0.572 0.578 0.528 0.578 0.523 0.529 0.578 0.578 0.545 0.486 0.529 0.553 0.523 0.578 0.541 0.562 0.537 0.578 0.575 0.551 0.524 0.553 0.555 0.578 0.578 0.488 0.578 0.553 0.506 0.558 0.563 0.550 0.575 0.569 0.546 0.578 0.578 0.578 0.593 0.544 0.556 0.571 0.552 0.552 0.563 0.488 0.568 0.506 0.578 0.564 0.479 0.490 0.578 0.565 0.554 0.494 0.489 0.578 0.546 0.578 0.571 0.570 0.550 0.544 0.578 0.578 0.482 0.578 0.498 0.578 0.578 0.564 0.557
0.003 0.484 0.026 0.194 0.004 0.001 0.000 0.000 0.000 0.001 0.002 0.001 0.000 0.001 0.010 0.000 0.000 0.000 0.000 0.000 0.000 0.088 0.000 0.000 0.044 0.002 0.001 0.001 0.014 0.001 0.020 0.000 0.009 0.036 0.027 0.003 0.000 0.001 0.024 0.000 0.106 0.000 0.000 0.053 0.088 0.002 0.484 0.484 0.024 0.000 0.484 0.032 0.000 0.032 0.000 0.000 0.000 0.003 0.003 0.000 0.000 0.003 0.484 0.039 0.062 0.000 0.000 0.002 0.024 0.484 0.000 0.001 0.000 0.001 0.000 0.013 0.002 0.000 0.000 0.484 0.000 0.001 0.000 0.000 0.013 0.000 0.484 0.002 0.015 0.002 0.008 0.004 0.055 0.000 0.484 0.001 0.038 0.484 0.004 0.000
0.177 0.670 0.093 0.388 0.215 0.187 0.331 0.033 0.325 0.061 0.033 0.160 0.009 0.046 0.072 0.004 0.104 0.057 0.009 0.122 0.199 0.145 0.004 0.023 0.238 0.217 0.174 0.166 0.086 0.076 0.162 0.000 0.163 0.225 0.094 0.142 0.049 0.129 0.224 0.000 0.670 0.023 0.181 0.354 0.145 0.046 0.670 0.670 0.224 0.009 0.670 0.163 0.082 0.163 0.210 0.083 0.088 0.211 0.354 0.090 0.030 0.146 0.670 0.165 0.224 0.026 0.083 0.176 0.222 0.344 0.199 0.046 0.082 0.194 0.048 0.086 0.242 0.019 0.018 0.670 0.043 0.067 0.008 0.082 0.085 0.104 0.670 0.050 0.159 0.242 0.150 0.085 0.173 0.022 0.670 0.083 0.164 0.670 0.212 0.002
0.069 0.896 0.087 0.153 0.036 0.057 0.020 0.023 0.020 0.024 0.058 0.048 0.038 0.057 0.050 0.025 0.013 0.023 0.036 0.027 0.020 0.749 0.015 0.009 0.077 0.082 0.058 0.057 0.050 0.026 0.043 0.010 0.048 0.051 0.087 0.026 0.027 0.049 0.058 0.010 0.896 0.009 0.018 0.202 0.749 0.066 0.709 0.709 0.058 0.013 0.896 0.053 0.044 0.053 0.018 0.077 0.025 0.027 0.067 0.016 0.009 0.025 0.896 0.067 0.306 0.019 0.009 0.056 0.034 0.238 0.019 0.057 0.043 0.047 0.043 0.065 0.035 0.042 0.037 0.674 0.009 0.053 0.043 0.037 0.050 0.013 0.896 0.055 0.031 0.035 0.027 0.042 0.284 0.028 0.896 0.042 0.067 0.896 0.030 0.020
0.181 0.428 0.428 0.266 0.151 0.188 0.194 0.164 0.179 0.151 0.188 0.151 0.155 0.177 0.151 0.158 0.227 0.162 0.143 0.168 0.166 0.428 0.149 0.253 0.158 0.162 0.184 0.175 0.151 0.151 0.151 0.158 0.151 0.151 0.428 0.151 0.166 0.151 0.151 0.227 0.428 0.240 0.170 0.227 0.428 0.168 0.298 0.303 0.151 0.173 0.428 0.151 0.155 0.151 0.155 0.132 0.170 0.151 0.205 0.209 0.183 0.151 0.428 0.162 0.428 0.225 0.166 0.171 0.151 0.274 0.168 0.177 0.153 0.177 0.151 0.194 0.194 0.151 0.142 0.428 0.177 0.157 0.147 0.162 0.151 0.235 0.428 0.160 0.151 0.203 0.151 0.151 0.428 0.166 0.428 0.151 0.179 0.428 0.151 0.196
0.074 0.104 0.104 0.061 0.104 0.074 0.070 0.061 0.076 0.087 0.070 0.079 0.028 0.067 0.104 0.059 0.060 0.061 0.026 0.076 0.086 0.104 0.078 0.062 0.104 0.073 0.074 0.072 0.104 0.100 0.104 0.055 0.092 0.104 0.104 0.083 0.059 0.079 0.100 0.036 0.104 0.064 0.079 0.068 0.104 0.067 0.034 0.038 0.100 0.076 0.104 0.104 0.046 0.104 0.089 0.031 0.076 0.088 0.068 0.073 0.073 0.084 0.104 0.104 0.104 0.074 0.081 0.073 0.089 0.031 0.086 0.067 0.051 0.074 0.031 0.104 0.067 0.030 0.028 0.104 0.076 0.069 0.029 0.049 0.104 0.061 0.104 0.067 0.104 0.060 0.089 0.104 0.104 0.056 0.104 0.077 0.104 0.104 0.087 0.073
0.304 0.300 0.300 0.301 0.296 0.306 0.303 0.245 0.303 0.255 0.300 0.276 0.299 0.294 0.300 0.255 0.307 0.255 0.287 0.364 0.310 0.300 0.257 0.276 0.300 0.312 0.299 0.312 0.300 0.270 0.300 0.293 0.272 0.300 0.300 0.272 0.254 0.276 0.257 0.291 0.300 0.276 0.296 0.301 0.300 0.297 0.301 0.301 0.257 0.310 0.300 0.300 0.258 0.300 0.278 0.303 0.342 0.281 0.303 0.293 0.276 0.275 0.300 0.300 0.300 0.316 0.272 0.293 0.266 0.301 0.307 0.294 0.258 0.307 0.296 0.300 0.301 0.281 0.285 0.300 0.276 0.301 0.301 0.254 0.300 0.307 0.300 0.318 0.261 0.301 0.269 0.300 0.300 0.260 0.300 0.260 0.300 0.300 0.272 0.333
0.063 0.894 0.311 0.027 0.152 0.067 0.041 0.017 0.038 0.045 0.041 0.171 0.017 0.039 0.144 0.013 0.024 0.018 0.017 0.052 0.069 0.894 0.015 0.025 0.308 0.068 0.055 0.060 0.151 0.063 0.147 0.005 0.175 0.216 0.311 0.085 0.018 0.171 0.251 0.007 0.894 0.024 0.047 0.054 0.894 0.041 0.012 0.012 0.251 0.030 0.894 0.169 0.064 0.169 0.104 0.023 0.048 0.116 0.043 0.041 0.021 0.088 0.894 0.257 0.607 0.043 0.031 0.059 0.151 0.007 0.063 0.039 0.064 0.067 0.023 0.217 0.019 0.017 0.015 0.051 0.022 0.053 0.016 0.066 0.151 0.026 0.894 0.042 0.108 0.026 0.096 0.124 0.579 0.017 0.894 0.077 0.257 0.894 0.120 0.026
0.345 0.295 0.295 0.329 0.295 0.379 0.345 0.314 0.345 0.295 0.429 0.345 0.412 0.412 0.295 0.314 0.329 0.314 0.393 0.460 0.329 0.295 0.312 0.393 0.295 0.376 0.412 0.362 0.295 0.295 0.295 0.360 0.295 0.295 0.295 0.312 0.314 0.379 0.312 0.360 0.295 0.393 0.510 0.329 0.295 0.412 0.329 0.329 0.312 0.476 0.295 0.295 0.443 0.295 0.295 0.343 0.443 0.295 0.329 0.443 0.393 0.295 0.295 0.295 0.295 0.445 0.329 0.412 0.295 0.329 0.395 0.412 0.443 0.395 0.362 0.295 0.329 0.329 0.393 0.295 0.393 0.410 0.329 0.362 0.295 0.329 0.295 0.479 0.295 0.329 0.295 0.295 0.295 0.360 0.295 0.295 0.295 0.295 0.295 0.510
0.094 0.699 0.512 0.691 0.032 0.061 0.691 0.021 0.691 0.020 0.069 0.024 0.044 0.074 0.651 0.025 0.691 0.021 0.036 0.033 0.037 0.699 0.025 0.577 0.349 0.240 0.089 0.073 0.154 0.029 0.037 0.634 0.033 0.036 0.512 0.024 0.021 0.045 0.053 0.634 0.699 0.577 0.033 0.691 0.699 0.069 0.691 0.691 0.045 0.033 0.699 0.150 0.029 0.150 0.037 0.101 0.029 0.033 0.691 0.325 0.577 0.024 0.699 0.349 0.699 0.033 0.577 0.089 0.033 0.691 0.037 0.074 0.029 0.077 0.041 0.435 0.691 0.033 0.033 0.699 0.577 0.114 0.041 0.033 0.158 0.691 0.699 0.089 0.028 0.691 0.020 0.029 0.699 0.021 0.699 0.016 0.354 0.699 0.033 0.024
0.118 0.847 0.820 0.053 0.332 0.106 0.117 0.066 0.141 0.127 0.061 0.161 0.030 0.054 0.424 0.062 0.047 0.066 0.029 0.150 0.166 0.847 0.087 0.047 0.698 0.111 0.109 0.107 0.424 0.154 0.379 0.050 0.189 0.435 0.820 0.152 0.061 0.161 0.277 0.031 0.847 0.050 0.149 0.094 0.847 0.066 0.026 0.030 0.276 0.105 0.847 0.426 0.085 0.426 0.183 0.045 0.147 0.175 0.109 0.135 0.082 0.149 0.847 0.658 0.847 0.139 0.117 0.120 0.181 0.025 0.167 0.054 0.085 0.106 0.043 0.669 0.055 0.031 0.028 0.157 0.085 0.063 0.028 0.083 0.424 0.041 0.847 0.052 0.181 0.045 0.152 0.369 0.847 0.057 0.847 0.096 0.662 0.847 0.170 0.086
0.260 0.342 0.342 0.322 0.342 0.270 0.305 0.223 0.266 0.322 0.266 0.237 0.272 0.244 0.342 0.229 0.281 0.223 0.256 0.242 0.250 0.342 0.241 0.287 0.342 0.273 0.277 0.287 0.342 0.342 0.342 0.231 0.245 0.342 0.342 0.239 0.229 0.237 0.250 0.272 0.342 0.293 0.240 0.320 0.342 0.248 0.316 0.299 0.250 0.235 0.342 0.342 0.235 0.342 0.260 0.274 0.252 0.250 0.312 0.264 0.246 0.246 0.342 0.342 0.342 0.258 0.237 0.254 0.264 0.338 0.243 0.244 0.233 0.270 0.274 0.342 0.283 0.239 0.272 0.342 0.250 0.262 0.274 0.239 0.342 0.279 0.342 0.244 0.342 0.301 0.262 0.342 0.342 0.231 0.342 0.241 0.342 0.342 0.250 0.250
0.049 0.059 0.059 0.042 0.059 0.045 0.051 0.051 0.064 0.059 0.041 0.059 0.013 0.044 0.059 0.041 0.047 0.050 0.014 0.060 0.059 0.059 0.059 0.045 0.059 0.045 0.045 0.046 0.059 0.059 0.059 0.055 0.059 0.059 0.059 0.059 0.040 0.059 0.059 0.033 0.059 0.046 0.060 0.039 0.059 0.044 0.040 0.039 0.059 0.063 0.059 0.059 0.036 0.059 0.059 0.034 0.061 0.059 0.050 0.059 0.064 0.059 0.059 0.059 0.059 0.061 0.062 0.044 0.059 0.040 0.059 0.044 0.035 0.045 0.025 0.059 0.064 0.013 0.016 0.059 0.064 0.044 0.011 0.034 0.059 0.047 0.059 0.048 0.059 0.048 0.059 0.059 0.059 0.035 0.059 0.056 0.059 0.059 0.059 0.064
0.248 0.575 0.575 0.270 0.461 0.256 0.181 0.132 0.155 0.363 0.208 0.182 0.119 0.208 0.575 0.141 0.190 0.132 0.154 0.168 0.204 0.575 0.217 0.203 0.575 0.247 0.229 0.234 0.575 0.457 0.575 0.141 0.217 0.575 0.575 0.186 0.141 0.182 0.203 0.185 0.575 0.177 0.191 0.239 0.575 0.190 0.275 0.181 0.208 0.182 0.575 0.575 0.150 0.575 0.235 0.173 0.173 0.217 0.186 0.159 0.164 0.217 0.575 0.575 0.575 0.177 0.190 0.234 0.235 0.239 0.204 0.208 0.146 0.256 0.167 0.575 0.169 0.141 0.173 0.571 0.164 0.182 0.163 0.137 0.575 0.190 0.575 0.208 0.461 0.186 0.234 0.575 0.575 0.142 0.575 0.234 0.575 0.575 0.221 0.159
0.214 0.471 0.471 0.229 0.243 0.200 0.157 0.221 0.157 0.236 0.236 0.207 0.243 0.257 0.471 0.200 0.114 0.221 0.221 0.100 0.143 0.471 0.171 0.143 0.471 0.250 0.171 0.207 0.471 0.243 0.407 0.121 0.179 0.407 0.471 0.200 0.207 0.207 0.186 0.121 0.471 0.143 0.100 0.250 0.471 0.236 0.379 0.379 0.179 0.150 0.471 0.471 0.250 0.471 0.164 0.214 0.129 0.179 0.200 0.114 0.143 0.179 0.471 0.471 0.471 0.150 0.121 0.200 0.179 0.300 0.121 0.257 0.229 0.171 0.243 0.471 0.164 0.236 0.236 0.471 0.143 0.200 0.214 0.193 0.471 0.114 0.471 0.236 0.214 0.164 0.193 0.414 0.471 0.186 0.471 0.236 0.471 0.471 0.186 0.164
0.341 0.645 0.645 0.361 0.645 0.375 0.340 0.432 0.349 0.569 0.334 0.416 0.243 0.341 0.645 0.404 0.332 0.432 0.244 0.368 0.453 0.645 0.499 0.339 0.652 0.353 0.340 0.333 0.645 0.645 0.645 0.327 0.514 0.652 0.645 0.521 0.404 0.416 0.451 0.355 0.645 0.326 0.383 0.424 0.645 0.347 0.277 0.305 0.459 0.397 0.645 0.645 0.408 0.645 0.506 0.305 0.376 0.492 0.368 0.363 0.320 0.520 0.652 0.645 0.652 0.335 0.474 0.347 0.506 0.263 0.439 0.341 0.395 0.375 0.242 0.645 0.333 0.181 0.250 0.638 0.342 0.367 0.266 0.410 0.645 0.333 0.645 0.346 0.645 0.332 0.500 0.645 0.645 0.396 0.645 0.466 0.645 0.645 0.486 0.340
0.157 0.677 0.661 0.749 0.142 0.153 0.550 0.074 0.550 0.079 0.140 0.111 0.083 0.135 0.637 0.074 0.533 0.074 0.081 0.107 0.103 0.677 0.076 0.312 0.563 0.210 0.151 0.140 0.393 0.076 0.238 0.398 0.107 0.295 0.657 0.098 0.076 0.116 0.122 0.398 0.677 0.312 0.103 0.703 0.677 0.133 0.786 0.786 0.124 0.087 0.677 0.411 0.109 0.408 0.087 0.114 0.100 0.109 0.649 0.153 0.312 0.094 0.677 0.550 0.677 0.100 0.308 0.151 0.100 0.786 0.092 0.135 0.092 0.136 0.079 0.633 0.672 0.087 0.078 0.812 0.312 0.175 0.076 0.085 0.395 0.533 0.677 0.122 0.105 0.672 0.087 0.144 0.677 0.081 0.677 0.102 0.609 0.677 0.113 0.090
0.302 0.262 0.262 0.268 0.262 0.306 0.253 0.297 0.301 0.262 0.311 0.297 0.292 0.287 0.262 0.297 0.263 0.297 0.296 0.302 0.282 0.262 0.262 0.248 0.262 0.287 0.282 0.311 0.262 0.262 0.262 0.262 0.262 0.262 0.262 0.272 0.297 0.297 0.297 0.273 0.262 0.273 0.302 0.248 0.262 0.321 0.297 0.248 0.297 0.297 0.262 0.262 0.268 0.262 0.262 0.253 0.306 0.262 0.258 0.282 0.301 0.262 0.262 0.262 0.262 0.292 0.292 0.287 0.262 0.297 0.292 0.287 0.268 0.315 0.287 0.262 0.277 0.282 0.273 0.262 0.292 0.283 0.287 0.267 0.262 0.253 0.262 0.262 0.262 0.238 0.262 0.262 0.262 0.292 0.262 0.267 0.262 0.262 0.262 0.297
0.104 0.397 0.397 0.101 0.193 0.104 0.093 0.091 0.087 0.157 0.089 0.092 0.064 0.103 0.397 0.087 0.082 0.090 0.061 0.088 0.099 0.397 0.121 0.084 0.397 0.112 0.099 0.095 0.397 0.187 0.394 0.074 0.125 0.395 0.397 0.112 0.087 0.092 0.100 0.066 0.397 0.081 0.089 0.105 0.397 0.103 0.089 0.073 0.100 0.078 0.397 0.397 0.079 0.397 0.132 0.059 0.086 0.126 0.093 0.085 0.076 0.118 0.397 0.397 0.397 0.083 0.093 0.100 0.136 0.091 0.096 0.103 0.083 0.101 0.059 0.397 0.076 0.065 0.059 0.184 0.078 0.101 0.067 0.083 0.397 0.087 0.397 0.094 0.188 0.090 0.139 0.394 0.397 0.081 0.397 0.123 0.397 0.397 0.116 0.076
0.450 0.626 0.626 0.508 0.587 0.401 0.479 0.451 0.432 0.598 0.419 0.402 0.371 0.409 0.616 0.421 0.491 0.451 0.410 0.482 0.451 0.626 0.451 0.471 0.616 0.469 0.401 0.391 0.626 0.597 0.616 0.371 0.402 0.616 0.626 0.460 0.421 0.412 0.421 0.442 0.626 0.481 0.461 0.497 0.626 0.458 0.458 0.497 0.421 0.391 0.626 0.616 0.402 0.616 0.471 0.380 0.451 0.461 0.469 0.432 0.401 0.451 0.616 0.616 0.616 0.412 0.420 0.450 0.471 0.458 0.461 0.409 0.402 0.401 0.401 0.626 0.441 0.481 0.380 0.606 0.401 0.488 0.400 0.392 0.626 0.451 0.616 0.409 0.587 0.470 0.460 0.626 0.616 0.421 0.626 0.450 0.616 0.616 0.461 0.381
0.197 0.431 0.431 0.329 0.188 0.251 0.320 0.158 0.275 0.188 0.231 0.187 0.250 0.211 0.305 0.163 0.313 0.163 0.221 0.227 0.197 0.431 0.178 0.329 0.402 0.212 0.226 0.241 0.187 0.188 0.178 0.216 0.173 0.178 0.431 0.182 0.168 0.187 0.187 0.221 0.431 0.314 0.271 0.329 0.431 0.207 0.333 0.333 0.187 0.217 0.431 0.192 0.178 0.192 0.202 0.201 0.266 0.207 0.319 0.295 0.236 0.182 0.431 0.402 0.431 0.271 0.197 0.221 0.207 0.319 0.197 0.211 0.178 0.251 0.207 0.431 0.255 0.207 0.251 0.431 0.221 0.217 0.232 0.178 0.192 0.318 0.431 0.226 0.193 0.333 0.187 0.182 0.431 0.168 0.431 0.163 0.426 0.431 0.207 0.217
0.156 0.329 0.329 0.329 0.322 0.156 0.324 0.019 0.324 0.023 0.145 0.290 0.033 0.160 0.329 0.019 0.257 0.019 0.028 0.017 0.048 0.329 0.019 0.022 0.329 0.218 0.134 0.121 0.329 0.279 0.329 0.025 0.285 0.329 0.329 0.301 0.019 0.290 0.283 0.025 0.329 0.022 0.002 0.329 0.329 0.160 0.329 0.329 0.283 0.023 0.329 0.329 0.023 0.329 0.157 0.162 0.012 0.206 0.329 0.008 0.022 0.301 0.329 0.329 0.329 0.005 0.022 0.145 0.307 0.329 0.008 0.160 0.022 0.148 0.114 0.329 0.329 0.065 0.058 0.329 0.022 0.199 0.026 0.019 0.329 0.257 0.329 0.134 0.329 0.329 0.319 0.329 0.329 0.019 0.329 0.019 0.329 0.329 0.235 0.061
0.296 0.882 0.882 0.041 0.870 0.139 0.044 0.227 0.090 0.757 0.159 0.750 0.143 0.153 0.877 0.179 0.044 0.227 0.141 0.181 0.727 0.882 0.495 0.038 0.886 0.280 0.161 0.172 0.882 0.843 0.886 0.066 0.807 0.886 0.882 0.687 0.187 0.750 0.854 0.015 0.882 0.038 0.169 0.041 0.882 0.262 0.020 0.020 0.855 0.313 0.882 0.886 0.375 0.886 0.852 0.145 0.093 0.870 0.041 0.041 0.116 0.751 0.886 0.886 0.886 0.051 0.691 0.214 0.875 0.021 0.633 0.153 0.370 0.141 0.163 0.881 0.057 0.150 0.119 0.872 0.185 0.316 0.141 0.394 0.882 0.044 0.886 0.165 0.858 0.045 0.806 0.882 0.886 0.138 0.882 0.616 0.886 0.886 0.851 0.137
0.166 0.425 0.425 0.277 0.144 0.161 0.249 0.155 0.182 0.161 0.182 0.150 0.166 0.177 0.425 0.144 0.227 0.155 0.155 0.172 0.144 0.425 0.155 0.244 0.425 0.161 0.177 0.172 0.425 0.150 0.221 0.183 0.150 0.216 0.425 0.139 0.144 0.150 0.144 0.216 0.425 0.244 0.183 0.277 0.425 0.166 0.305 0.305 0.144 0.189 0.425 0.425 0.155 0.425 0.133 0.221 0.199 0.139 0.243 0.216 0.215 0.139 0.425 0.425 0.425 0.200 0.172 0.172 0.139 0.255 0.150 0.177 0.155 0.183 0.227 0.425 0.227 0.149 0.210 0.425 0.194 0.188 0.182 0.155 0.425 0.227 0.425 0.194 0.150 0.249 0.144 0.221 0.425 0.144 0.425 0.161 0.425 0.425 0.139 0.172
0.506 0.727 0.727 0.480 0.566 0.497 0.471 0.233 0.474 0.476 0.441 0.557 0.273 0.439 0.728 0.210 0.451 0.231 0.268 0.483 0.548 0.727 0.319 0.460 0.727 0.502 0.520 0.471 0.734 0.515 0.631 0.194 0.564 0.639 0.727 0.564 0.212 0.557 0.547 0.159 0.727 0.441 0.474 0.529 0.727 0.425 0.240 0.240 0.545 0.490 0.727 0.734 0.198 0.734 0.571 0.293 0.480 0.573 0.474 0.458 0.423 0.559 0.727 0.727 0.727 0.467 0.489 0.504 0.571 0.197 0.518 0.439 0.194 0.497 0.323 0.727 0.429 0.266 0.272 0.647 0.432 0.443 0.284 0.194 0.734 0.466 0.727 0.439 0.561 0.476 0.564 0.601 0.727 0.196 0.727 0.328 0.727 0.727 0.564 0.474
0.046 0.045 0.045 0.048 0.045 0.043 0.049 0.037 0.029 0.045 0.040 0.045 0.045 0.051 0.045 0.038 0.043 0.037 0.046 0.038 0.045 0.045 0.045 0.049 0.045 0.040 0.038 0.040 0.045 0.045 0.045 0.032 0.045 0.045 0.045 0.045 0.038 0.045 0.045 0.046 0.045 0.049 0.038 0.054 0.045 0.053 0.041 0.041 0.045 0.037 0.045 0.045 0.049 0.045 0.045 0.049 0.037 0.045 0.056 0.040 0.032 0.045 0.045 0.045 0.045 0.037 0.041 0.043 0.045 0.040 0.045 0.051 0.040 0.043 0.043 0.045 0.041 0.040 0.040 0.045 0.032 0.046 0.041 0.035 0.045 0.043 0.045 0.045 0.045 0.044 0.045 0.045 0.045 0.033 0.045 0.046 0.045 0.045 0.045 0.030
0.096 0.387 0.124 0.233 0.065 0.113 0.164 0.075 0.164 0.068 0.093 0.058 0.058 0.079 0.103 0.075 0.151 0.075 0.062 0.072 0.079 0.387 0.041 0.079 0.120 0.120 0.082 0.096 0.086 0.068 0.093 0.092 0.055 0.089 0.124 0.058 0.068 0.058 0.055 0.092 0.387 0.079 0.082 0.230 0.387 0.089 0.271 0.271 0.055 0.072 0.387 0.099 0.078 0.099 0.062 0.058 0.075 0.051 0.205 0.076 0.079 0.055 0.387 0.117 0.387 0.082 0.079 0.099 0.058 0.271 0.079 0.079 0.078 0.100 0.058 0.120 0.199 0.051 0.051 0.387 0.079 0.075 0.068 0.071 0.086 0.151 0.387 0.103 0.062 0.199 0.055 0.065 0.387 0.082 0.387 0.058 0.124 0.387 0.055 0.079
0.078 0.076 0.076 0.081 0.076 0.083 0.080 0.060 0.079 0.074 0.081 0.076 0.005 0.083 0.076 0.059 0.077 0.060 0.005 0.078 0.077 0.076 0.068 0.081 0.076 0.074 0.085 0.083 0.076 0.076 0.076 0.064 0.076 0.076 0.076 0.076 0.060 0.076 0.076 0.044 0.076 0.080 0.079 0.081 0.076 0.076 0.056 0.068 0.076 0.078 0.076 0.076 0.053 0.076 0.076 0.026 0.079 0.076 0.078 0.080 0.078 0.076 0.076 0.076 0.076 0.084 0.078 0.077 0.076 0.056 0.077 0.083 0.053 0.083 0.020 0.076 0.078 0.006 0.007 0.076 0.078 0.073 0.005 0.054 0.076 0.076 0.076 0.083 0.076 0.077 0.076 0.076 0.076 0.054 0.076 0.062 0.076 0.076 0.076 0.079
0.089 0.368 0.368 0.064 0.169 0.072 0.085 0.144 0.085 0.149 0.124 0.136 0.102 0.089 0.368 0.123 0.072 0.148 0.081 0.076 0.114 0.368 0.102 0.077 0.368 0.094 0.076 0.076 0.368 0.165 0.347 0.056 0.123 0.352 0.368 0.132 0.148 0.136 0.157 0.064 0.368 0.077 0.072 0.076 0.368 0.114 0.084 0.084 0.157 0.068 0.368 0.368 0.161 0.368 0.123 0.081 0.076 0.140 0.097 0.089 0.064 0.132 0.368 0.368 0.368 0.081 0.068 0.106 0.153 0.072 0.098 0.089 0.152 0.064 0.076 0.368 0.051 0.089 0.097 0.368 0.051 0.081 0.089 0.144 0.368 0.072 0.368 0.093 0.161 0.051 0.136 0.347 0.368 0.139 0.368 0.140 0.368 0.368 0.165 0.073
0.155 0.660 0.154 0.153 0.145 0.167 0.180 0.145 0.179 0.138 0.158 0.137 0.193 0.159 0.214 0.144 0.176 0.144 0.187 0.153 0.143 0.660 0.136 0.185 0.254 0.274 0.169 0.159 0.210 0.139 0.170 0.145 0.137 0.171 0.153 0.141 0.144 0.137 0.142 0.163 0.660 0.185 0.159 0.163 0.660 0.155 0.229 0.229 0.141 0.142 0.660 0.209 0.141 0.208 0.141 0.243 0.176 0.141 0.163 0.196 0.173 0.144 0.660 0.253 0.660 0.199 0.137 0.155 0.143 0.144 0.146 0.159 0.141 0.170 0.211 0.255 0.161 0.179 0.196 0.167 0.159 0.188 0.193 0.140 0.211 0.176 0.660 0.166 0.143 0.161 0.141 0.170 0.660 0.145 0.660 0.133 0.252 0.660 0.142 0.148
0.050 0.534 0.534 0.050 0.317 0.060 0.060 0.020 0.060 0.129 0.050 0.030 0.040 0.050 0.534 0.020 0.050 0.020 0.040 0.070 0.070 0.534 0.050 0.059 0.534 0.050 0.060 0.050 0.534 0.317 0.534 0.020 0.148 0.534 0.534 0.030 0.020 0.030 0.069 0.030 0.534 0.050 0.060 0.060 0.534 0.050 0.030 0.040 0.069 0.030 0.534 0.534 0.020 0.534 0.040 0.040 0.060 0.050 0.070 0.060 0.030 0.050 0.534 0.534 0.534 0.060 0.030 0.050 0.040 0.020 0.070 0.050 0.039 0.060 0.040 0.534 0.030 0.040 0.040 0.327 0.030 0.050 0.040 0.049 0.534 0.050 0.534 0.050 0.317 0.069 0.099 0.534 0.534 0.020 0.534 0.178 0.534 0.534 0.060 0.030
0.026 0.023 0.023 0.024 0.023 0.026 0.023 0.020 0.023 0.023 0.027 0.023 0.014 0.026 0.023 0.020 0.023 0.020 0.013 0.023 0.023 0.023 0.023 0.023 0.023 0.026 0.027 0.026 0.023 0.023 0.023 0.017 0.023 0.023 0.023 0.023 0.020 0.023 0.023 0.016 0.023 0.023 0.023 0.024 0.023 0.026 0.015 0.016 0.023 0.023 0.023 0.023 0.018 0.023 0.023 0.014 0.023 0.023 0.023 0.023 0.023 0.023 0.023 0.023 0.023 0.023 0.023 0.026 0.023 0.015 0.023 0.026 0.018 0.026 0.015 0.023 0.023 0.015 0.014 0.023 0.023 0.025 0.013 0.018 0.023 0.023 0.023 0.026 0.023 0.023 0.023 0.023 0.023 0.019 0.023 0.020 0.023 0.023 0.023 0.023
0.176 0.536 0.536 0.205 0.536 0.259 0.221 0.511 0.259 0.536 0.205 0.502 0.121 0.212 0.536 0.492 0.177 0.511 0.139 0.314 0.406 0.536 0.511 0.177 0.536 0.259 0.259 0.186 0.536 0.536 0.536 0.212 0.501 0.536 0.536 0.511 0.492 0.502 0.475 0.177 0.536 0.177 0.277 0.214 0.536 0.215 0.232 0.232 0.475 0.370 0.536 0.536 0.502 0.536 0.529 0.195 0.259 0.491 0.194 0.230 0.186 0.492 0.536 0.536 0.536 0.222 0.464 0.222 0.520 0.205 0.426 0.212 0.502 0.259 0.205 0.536 0.176 0.307 0.195 0.536 0.230 0.224 0.140 0.502 0.536 0.177 0.536 0.212 0.536 0.176 0.527 0.536 0.536 0.454 0.536 0.501 0.536 0.536 0.529 0.213
0.175 0.183 0.183 0.193 0.193 0.165 0.203 0.166 0.203 0.127 0.157 0.175 0.147 0.223 0.183 0.157 0.204 0.166 0.165 0.203 0.166 0.183 0.146 0.185 0.183 0.174 0.183 0.194 0.183 0.195 0.183 0.214 0.135 0.183 0.183 0.145 0.138 0.175 0.145 0.214 0.183 0.185 0.185 0.193 0.183 0.185 0.183 0.183 0.145 0.184 0.183 0.183 0.194 0.183 0.126 0.185 0.194 0.145 0.193 0.165 0.185 0.155 0.183 0.183 0.183 0.165 0.175 0.145 0.126 0.193 0.166 0.223 0.195 0.165 0.175 0.183 0.193 0.156 0.147 0.183 0.185 0.194 0.155 0.165 0.183 0.204 0.183 0.193 0.204 0.193 0.145 0.183 0.183 0.175 0.183 0.166 0.183 0.183 0.155 0.164
0.169 0.493 0.493 0.325 0.445 0.147 0.287 0.265 0.282 0.265 0.088 0.359 0.011 0.115 0.493 0.043 0.148 0.265 0.008 0.137 0.153 0.493 0.089 0.048 0.493 0.214 0.163 0.169 0.467 0.265 0.367 0.000 0.359 0.499 0.493 0.354 0.265 0.359 0.479 0.000 0.493 0.048 0.174 0.287 0.493 0.096 0.321 0.321 0.482 0.021 0.493 0.464 0.263 0.464 0.177 0.105 0.150 0.389 0.287 0.193 0.048 0.356 0.493 0.493 0.493 0.123 0.107 0.190 0.485 0.321 0.161 0.115 0.263 0.147 0.105 0.493 0.231 0.054 0.062 0.493 0.045 0.150 0.011 0.263 0.469 0.148 0.493 0.088 0.354 0.231 0.351 0.265 0.493 0.265 0.493 0.265 0.493 0.493 0.418 0.000
0.231 0.330 0.330 0.144 0.330 0.233 0.199 0.330 0.196 0.330 0.174 0.345 0.157 0.188 0.330 0.345 0.191 0.330 0.164 0.211 0.296 0.330 0.337 0.156 0.330 0.243 0.214 0.189 0.330 0.330 0.330 0.208 0.345 0.330 0.330 0.330 0.330 0.345 0.340 0.208 0.330 0.156 0.258 0.186 0.330 0.213 0.191 0.191 0.340 0.010 0.330 0.330 0.350 0.330 0.355 0.261 0.191 0.330 0.201 0.216 0.156 0.330 0.330 0.330 0.330 0.196 0.214 0.238 0.330 0.191 0.288 0.188 0.350 0.233 0.261 0.330 0.117 0.248 0.179 0.330 0.156 0.248 0.119 0.350 0.330 0.191 0.330 0.216 0.330 0.117 0.330 0.330 0.330 0.330 0.330 0.340 0.330 0.330 0.330 0.000
0.175 0.489 0.489 0.293 0.215 0.185 0.322 0.019 0.322 0.035 0.059 0.035 0.024 0.043 0.035 0.014 0.078 0.019 0.019 0.105 0.145 0.489 0.035 0.062 0.476 0.191 0.180 0.169 0.196 0.035 0.035 0.030 0.035 0.215 0.489 0.035 0.014 0.035 0.212 0.030 0.489 0.062 0.140 0.282 0.489 0.046 0.371 0.371 0.212 0.030 0.489 0.217 0.035 0.217 0.188 0.046 0.089 0.185 0.319 0.194 0.062 0.035 0.489 0.261 0.489 0.129 0.048 0.188 0.190 0.371 0.143 0.043 0.035 0.185 0.046 0.489 0.113 0.016 0.027 0.489 0.062 0.121 0.027 0.035 0.182 0.078 0.489 0.051 0.035 nan 0.035 0.035 0.489 0.014 0.489 0.035 0.435 0.489 0.180 0.046
0.159 0.265 0.265 0.142 0.265 0.141 0.197 0.219 0.201 0.265 0.141 0.240 0.150 0.172 0.265 0.219 0.141 0.219 0.141 0.206 0.232 0.265 0.256 0.146 0.265 0.150 0.142 0.154 0.265 0.265 0.265 0.198 0.219 0.265 0.265 0.215 0.223 0.240 0.211 0.133 0.265 0.146 0.202 0.159 0.265 0.176 0.150 0.150 0.211 0.236 0.265 0.265 0.223 0.265 0.265 0.124 0.188 0.257 0.188 0.209 0.193 0.236 0.265 0.265 0.265 0.179 0.232 0.163 0.265 0.133 0.227 0.172 0.223 0.155 0.142 0.265 0.146 0.172 0.146 0.265 0.232 0.180 0.159 0.240 0.265 0.141 0.265 0.172 0.265 0.146 0.265 0.265 0.265 0.232 0.265 0.265 0.265 0.265 0.223 0.240
0.584 0.682 0.682 0.711 0.585 0.612 0.644 0.640 0.625 0.525 0.604 0.595 0.636 0.643 0.682 0.604 0.662 0.631 0.588 0.682 0.624 0.682 0.556 0.631 0.682 0.621 0.685 0.566 0.682 0.545 0.682 0.595 0.565 0.682 0.682 0.613 0.604 0.604 0.604 0.633 0.682 0.631 0.594 0.721 0.682 0.643 0.701 0.701 0.604 0.614 0.682 0.682 0.626 0.682 0.574 0.642 0.650 0.623 0.721 0.583 0.593 0.575 0.682 0.682 0.682 0.697 0.584 0.604 0.555 0.711 0.624 0.643 0.635 0.635 0.546 0.682 0.721 0.540 0.546 0.682 0.594 0.665 0.588 0.618 0.682 0.662 0.682 0.631 0.564 0.730 0.555 0.682 0.682 0.614 0.682 0.592 0.682 0.682 0.603 0.633
0.383 0.533 0.533 0.333 0.533 0.283 0.217 0.133 0.217 0.250 0.183 0.233 0.267 0.250 0.533 0.133 0.167 0.133 0.267 0.217 0.317 0.533 0.283 0.167 0.533 0.367 0.300 0.300 0.533 0.533 0.533 0.133 0.283 0.533 0.533 0.150 0.133 0.283 0.183 0.133 0.533 0.167 0.200 0.400 0.533 0.300 0.533 0.533 0.183 0.183 0.533 0.533 0.133 0.533 0.267 0.283 0.217 0.233 0.217 0.250 0.167 0.100 0.533 0.533 0.533 0.200 0.350 0.267 0.267 0.433 0.317 0.250 0.133 0.250 0.283 0.533 0.167 0.367 0.417 0.533 0.167 0.483 0.200 0.100 0.533 0.167 0.533 0.333 0.533 0.167 0.333 0.533 0.533 0.133 0.533 0.483 0.533 0.533 0.283 0.183
0.283 0.417 0.417 0.475 0.383 0.317 0.283 0.258 0.283 0.433 0.458 0.342 0.233 0.450 0.417 0.258 0.175 0.258 0.325 0.358 0.325 0.417 0.283 0.225 0.417 0.358 0.325 0.342 0.417 0.417 0.417 0.200 0.383 0.417 0.417 0.317 0.258 0.392 0.375 0.200 0.417 0.225 0.250 0.450 0.417 0.417 0.467 0.467 0.375 0.258 0.417 0.417 0.342 0.417 0.417 0.350 0.358 0.367 0.375 0.250 0.225 0.258 0.417 0.417 0.417 0.283 0.225 0.450 0.450 0.408 0.317 0.450 0.283 0.325 0.292 0.417 0.275 0.292 0.267 0.383 0.225 0.333 0.242 0.258 0.417 0.175 0.417 0.425 0.392 0.275 0.450 0.417 0.417 0.258 0.417 0.517 0.417 0.417 0.433 0.283
0.358 0.475 0.475 0.500 0.350 0.433 0.400 0.175 0.400 0.292 0.342 0.208 0.133 0.250 0.475 0.175 0.358 0.175 0.133 0.250 0.267 0.475 0.183 0.325 0.475 0.325 0.375 0.283 0.475 0.317 0.475 0.325 0.250 0.475 0.475 0.275 0.175 0.242 0.308 0.325 0.475 0.325 0.242 0.500 0.475 0.367 0.475 0.475 0.250 0.208 0.475 0.475 0.258 0.475 0.383 0.183 0.308 0.358 0.450 0.275 0.325 0.242 0.475 0.475 0.475 0.217 0.325 0.350 0.350 0.475 0.208 0.250 0.225 0.433 0.167 0.475 0.392 0.142 0.192 0.475 0.325 0.133 0.108 0.108 0.475 0.358 0.475 0.192 0.317 0.392 0.275 0.475 0.475 0.175 0.475 0.533 0.475 0.475 0.325 0.267
0.340 0.420 0.420 0.420 0.420 0.395 0.350 0.415 0.350 0.295 0.350 0.345 0.355 0.355 0.420 0.370 0.350 0.415 0.305 0.205 0.250 0.420 0.255 0.260 0.420 0.405 0.395 0.300 0.420 0.420 0.420 0.330 0.300 0.420 0.420 0.270 0.390 0.345 0.320 0.330 0.420 0.260 0.255 0.370 0.420 0.310 0.420 0.420 0.260 0.270 0.420 0.420 0.375 0.420 0.250 0.325 0.180 0.295 0.350 0.310 0.260 0.270 0.420 0.420 0.420 0.255 0.235 0.370 0.270 0.420 0.270 0.355 0.370 0.350 0.350 0.420 0.420 0.260 0.310 0.420 0.260 0.435 0.285 0.370 0.420 0.350 0.420 0.280 0.420 0.420 0.275 0.420 0.420 0.370 0.420 0.325 0.420 0.420 0.270 0.300
0.097 0.097 0.097 0.097 0.097 0.097 0.097 0.077 0.097 0.097 0.097 0.077 0.097 0.097 0.097 0.077 0.097 0.077 0.097 0.097 0.097 0.097 0.097 0.097 0.097 0.097 0.097 0.097 0.097 0.097 0.097 0.097 0.097 0.097 0.097 0.097 0.077 0.097 0.117 0.097 0.097 0.097 0.097 0.097 0.097 0.097 0.097 0.097 0.117 0.097 0.097 0.097 0.097 0.097 0.097 0.097 0.097 0.097 0.097 0.097 0.097 0.097 0.097 0.097 0.097 0.097 0.097 0.097 0.097 0.097 0.097 0.097 0.097 0.097 0.097 0.097 0.097 0.097 0.097 0.097 0.097 0.097 0.097 0.077 0.097 0.097 0.097 0.097 0.097 0.097 0.097 0.097 0.097 0.077 0.097 0.097 0.097 0.097 0.097 0.097
nan 0.433 0.433 nan 0.433 nan nan 0.683 0.742 0.433 nan nan 0.533 nan 0.433 0.650 nan 0.683 0.533 nan 0.625 0.433 0.558 nan 0.433 0.742 0.742 nan 0.433 0.433 0.433 nan nan 0.433 0.433 0.683 0.650 nan 0.567 0.600 0.433 nan nan 0.767 0.433 nan 0.742 0.742 0.567 nan 0.433 0.433 0.408 0.433 0.500 nan 0.742 0.558 0.742 0.742 nan 0.683 0.433 0.433 0.433 0.742 nan 0.717 0.500 0.742 0.717 nan 0.492 0.733 nan 0.433 nan 0.600 0.533 0.433 nan nan 0.500 0.533 0.433 nan 0.433 nan 0.433 nan 0.433 0.433 0.433 0.625 0.433 0.433 0.433 0.433 0.558 nan
0.000 0.486 0.000 0.000 0.000 0.000 0.000 0.000 0.000 0.000 0.000 0.000 0.000 0.000 0.000 0.000 0.000 0.000 0.000 0.000 0.000 0.000 0.000 0.000 0.000 0.000 0.000 0.000 0.000 0.000 0.000 0.000 0.000 0.000 0.000 0.000 0.000 0.000 0.000 0.000 0.486 0.000 0.000 0.000 0.000 0.000 0.000 0.000 0.000 0.000 0.486 0.000 0.000 0.000 0.000 0.000 0.000 0.000 0.000 0.000 0.000 0.000 0.486 0.000 0.000 0.000 0.000 0.000 0.000 0.000 0.000 0.000 0.000 0.000 0.000 0.000 0.000 0.000 0.000 0.000 0.000 0.000 0.000 0.000 0.000 0.000 0.486 0.000 0.000 0.000 0.000 0.000 0.000 0.000 0.486 0.000 0.000 0.486 0.000 0.000
0.592 0.755 0.755 0.658 0.623 0.609 0.649 0.570 0.649 0.540 0.605 0.619 0.575 0.645 0.755 0.583 0.641 0.575 0.587 0.657 0.578 0.755 0.544 0.627 0.755 0.619 0.627 0.623 0.755 0.571 0.755 0.605 0.539 0.755 0.755 0.605 0.592 0.623 0.584 0.605 0.755 0.627 0.613 0.649 0.755 0.601 0.671 0.671 0.579 0.618 0.755 0.755 0.614 0.755 0.539 0.618 0.661 0.557 0.658 0.605 0.632 0.557 0.755 0.755 0.755 0.648 0.614 0.588 0.544 0.671 0.587 0.645 0.619 0.623 0.632 0.755 0.658 0.535 0.601 0.755 0.623 0.623 0.592 0.619 0.755 0.641 0.755 0.662 0.575 0.658 0.562 0.755 0.755 0.601 0.755 0.535 0.755 0.755 0.587 0.600
0.477 0.662 0.662 0.646 0.408 0.462 0.608 0.431 0.608 0.362 0.500 0.500 0.385 0.500 0.662 0.431 0.608 0.431 0.408 0.508 0.477 0.662 0.400 0.577 0.662 0.492 0.500 0.492 0.662 0.385 0.562 0.600 0.377 0.562 0.662 0.454 0.431 0.492 0.500 0.600 0.662 0.577 0.462 0.646 0.662 0.485 0.662 0.662 0.492 0.400 0.662 0.662 0.431 0.662 0.385 0.485 0.500 0.446 0.638 0.546 0.577 0.469 0.662 0.662 0.662 0.454 0.577 0.485 0.438 0.662 0.469 0.500 0.431 0.469 0.392 0.662 0.623 0.377 0.338 0.662 0.577 0.538 0.354 0.400 0.662 0.608 0.662 0.546 0.392 0.623 0.408 0.538 0.662 0.431 0.662 0.354 0.662 0.662 0.477 0.454
0.183 0.238 0.155 0.201 0.160 0.192 0.190 0.145 0.185 0.145 0.188 0.156 0.169 0.187 0.150 0.145 0.190 0.145 0.165 0.155 0.158 0.206 0.145 0.199 0.162 0.185 0.190 0.188 0.149 0.145 0.157 0.167 0.156 0.160 0.155 0.155 0.145 0.156 0.160 0.173 0.238 0.192 0.177 0.192 0.206 0.183 0.210 0.205 0.160 0.158 0.238 0.158 0.144 0.157 0.160 0.179 0.161 0.160 0.191 0.189 0.177 0.155 0.238 0.159 0.180 0.187 0.166 0.185 0.160 0.210 0.158 0.187 0.144 0.191 0.173 0.152 0.193 0.160 0.168 0.231 0.176 0.179 0.169 0.144 0.148 0.195 0.238 0.189 0.156 0.197 0.155 0.147 0.171 0.144 0.238 0.144 0.159 0.238 0.160 0.160
nan nan nan nan nan nan nan nan nan nan nan 0.390 0.146 nan nan nan nan nan 0.140 nan nan nan nan nan nan nan nan nan nan nan nan nan 0.390 nan nan nan nan 0.390 0.399 nan nan nan nan nan nan nan nan nan 0.399 nan nan nan 0.322 nan nan 0.179 nan nan nan nan nan nan nan nan nan nan nan nan nan nan nan nan 0.322 nan 0.156 nan nan 0.144 0.149 nan nan nan 0.143 0.322 nan nan nan nan nan nan nan nan nan nan nan 0.323 nan nan nan nan
0.448 0.687 0.687 0.460 0.687 0.473 0.418 0.407 0.413 0.672 0.447 0.406 0.431 0.431 0.687 0.400 0.402 0.407 0.438 0.419 0.432 0.687 0.468 0.400 0.687 0.466 0.453 0.458 0.687 0.687 0.687 0.389 0.437 0.687 0.687 0.437 0.402 0.407 0.416 0.398 0.687 0.397 0.423 0.455 0.687 0.442 0.452 0.404 0.416 0.403 0.687 0.687 0.409 0.687 0.492 0.430 0.411 0.461 0.428 0.410 0.385 0.446 0.687 0.687 0.687 0.408 0.425 0.424 0.489 0.463 0.427 0.431 0.408 0.453 0.445 0.687 0.381 0.416 0.433 0.687 0.393 0.435 0.439 0.410 0.687 0.417 0.687 0.438 0.687 0.436 0.567 0.687 0.687 0.403 0.687 0.441 0.687 0.687 0.452 0.396
0.168 0.764 0.280 0.142 0.196 0.174 0.164 0.132 0.166 0.153 0.129 0.187 0.101 0.134 0.221 0.128 0.121 0.132 0.102 0.174 0.178 0.671 0.135 0.121 0.274 0.172 0.177 0.173 0.222 0.161 0.186 0.095 0.191 0.215 0.280 0.151 0.130 0.187 0.233 0.098 0.764 0.117 0.173 0.167 0.671 0.130 0.081 0.081 0.233 0.130 0.764 0.223 0.175 0.223 0.185 0.111 0.173 0.185 0.164 0.167 0.126 0.151 0.764 0.257 0.395 0.171 0.132 0.171 0.188 0.088 0.178 0.134 0.175 0.174 0.106 0.257 0.120 0.096 0.110 0.152 0.127 0.128 0.099 0.177 0.222 0.122 0.764 0.134 0.164 0.123 0.156 0.184 0.314 0.132 0.764 0.185 0.257 0.764 0.186 0.129
0.783 0.836 0.836 0.736 0.817 0.804 0.743 0.746 0.753 0.777 0.810 0.754 0.775 0.802 0.836 0.744 0.742 0.746 0.749 0.763 0.797 0.836 0.766 0.741 0.836 0.801 0.806 0.806 0.836 0.797 0.811 0.741 0.765 0.814 0.836 0.758 0.744 0.754 0.794 0.732 0.836 0.741 0.764 0.740 0.836 0.785 0.764 0.736 0.794 0.746 0.836 0.836 0.747 0.836 0.807 0.764 0.754 0.807 0.740 0.751 0.752 0.763 0.836 0.836 0.836 0.747 0.755 0.789 0.807 0.762 0.785 0.802 0.747 0.804 0.771 0.836 0.745 0.762 0.762 0.804 0.753 0.787 0.768 0.744 0.836 0.739 0.836 0.802 0.798 0.742 0.777 0.810 0.836 0.745 0.836 0.750 0.836 0.836 0.807 0.742
0.448 0.840 0.768 0.786 0.635 0.446 0.584 0.504 0.585 0.578 0.390 0.670 0.254 0.406 0.725 0.318 0.403 0.549 0.258 0.268 0.342 0.840 0.336 0.242 0.755 0.590 0.438 0.428 0.692 0.589 0.677 0.141 0.681 0.705 0.768 0.604 0.531 0.670 0.684 0.141 0.840 0.242 0.259 0.726 0.840 0.410 0.840 0.840 0.684 0.209 0.840 0.714 0.643 0.714 0.461 0.471 0.248 0.531 0.694 0.291 0.244 0.610 0.840 0.754 0.802 0.250 0.278 0.439 0.648 0.840 0.303 0.406 0.643 0.461 0.394 0.749 0.653 0.292 0.302 0.840 0.253 0.457 0.247 0.643 0.692 0.403 0.840 0.412 0.636 0.653 0.616 0.652 0.800 0.455 0.840 0.649 0.756 0.840 0.566 0.202
0.292 0.227 0.227 0.332 0.227 0.296 0.303 0.224 0.249 0.227 0.289 0.231 0.267 0.318 0.227 0.228 0.300 0.224 0.278 0.238 0.227 0.227 0.227 0.336 0.227 0.271 0.300 0.296 0.227 0.227 0.227 0.267 0.227 0.227 0.227 0.235 0.228 0.231 0.227 0.347 0.227 0.321 0.260 0.303 0.227 0.281 0.336 0.315 0.227 0.253 0.227 0.227 0.246 0.227 0.227 0.296 0.260 0.227 0.292 0.292 0.260 0.227 0.227 0.227 0.227 0.285 0.249 0.289 0.227 0.347 0.235 0.318 0.242 0.311 0.285 0.227 0.263 0.250 0.278 0.227 0.249 0.256 0.289 0.231 0.227 0.303 0.227 0.285 0.227 0.296 0.227 0.227 0.227 0.228 0.227 0.227 0.227 0.227 0.227 0.263
0.033 0.508 0.508 0.025 0.033 0.067 0.042 0.025 0.042 0.033 0.033 0.075 0.075 0.067 0.508 0.042 0.033 0.025 0.092 0.058 0.067 0.508 0.033 0.058 0.508 0.033 0.042 0.042 0.508 0.042 0.508 0.042 0.033 0.508 0.508 0.050 0.042 0.075 0.058 0.042 0.508 0.058 0.050 0.050 0.508 0.042 0.033 0.033 0.042 0.058 0.508 0.508 0.042 0.508 0.017 0.058 0.058 0.017 0.050 0.050 0.058 0.042 0.508 0.508 0.508 0.058 0.033 0.033 0.017 0.008 0.058 0.067 0.042 0.067 0.033 0.508 0.033 0.033 0.058 0.500 0.067 0.100 0.083 0.033 0.508 0.033 0.508 0.042 0.050 0.033 0.042 0.508 0.508 0.058 0.508 0.042 0.508 0.508 0.025 0.075
0.437 0.708 0.708 0.496 0.551 0.421 0.456 0.372 0.443 0.433 0.455 0.421 0.356 0.467 0.615 0.370 0.459 0.368 0.350 0.439 0.421 0.708 0.397 0.461 0.615 0.449 0.437 0.425 0.613 0.462 0.593 0.469 0.429 0.589 0.708 0.411 0.364 0.423 0.464 0.478 0.708 0.461 0.423 0.453 0.708 0.456 0.556 0.556 0.464 0.399 0.708 0.613 0.419 0.613 0.468 0.445 0.454 0.435 0.454 0.437 0.449 0.407 0.708 0.615 0.708 0.429 0.490 0.429 0.444 0.546 0.425 0.467 0.415 0.463 0.421 0.615 0.492 0.374 0.368 0.708 0.439 0.453 0.368 0.413 0.613 0.459 0.708 0.461 0.486 0.502 0.437 0.587 0.708 0.372 0.708 0.417 0.615 0.708 0.437 0.419
