-2.755168781925775856e-01 3.219518956801317722e-01 8.866826047142647993e-02 -1.469776580520814724e+00 6.457911764720140058e-01 -2.216608829198188080e-01 7.791547687057623905e-01 -1.412328807541004982e+00 5.930781141562835312e-01 1.360549585542580653e+00 -7.656763063170946015e-02 1.223256266840787143e+00 1.006049198232348507e+00 9.923106808249614330e-01 -1.669460261730614459e+00 3.683227139446808018e-01 -2.057229952471000711e+00 1.388614442675839000e-01 6.450342987024212382e-01 -1.007743724511401817e+00
-6.571586182173041468e-01 2.776986095576668978e-01 4.741906798846232673e-01 -3.225014756601018440e-01 3.361047545738277686e-01 1.474937773350479597e+00 1.394557245881753449e+00 -1.033832694813527242e+00 -1.145457757119085374e+00 -4.595161241866650426e-01 -1.216532302491511786e+00 -1.068114931865246087e+00 -7.987626657363233740e-01 1.674911039091220077e+00 7.387075403427818543e-01 8.855528326436703512e-01 1.445236801948180938e+00 -1.442994000386425446e+00 -4.757857766559629997e-01 -3.675747236479438573e-01
-4.525635439578544195e-01 1.011602242200106749e+00 2.060838265343948095e+00 -3.519575969270232196e-01 7.412592769568316919e-01 4.656528990668370449e-01 -1.549376947684709904e+00 -5.587788511744974373e-01 1.729023279278211200e-01 1.908617705861547886e+00 -7.171866899864677292e-01 1.021080494446123144e+00 -2.580848577295558610e-01 -1.755348611410037174e+00 -4.745948970218745178e-01 7.795412273825002014e-01 -7.824125696230913585e-01 -2.446183085789619682e-01 -2.674372344869430651e-01 -6.781748436844929895e-01
-1.048495197530026291e+00 1.795632282755898590e+00 -7.479935858136093074e-01 -1.081749951023170953e+00 1.235857063144595092e+00 1.085460179371729117e+00 -3.414773898512429851e-01 -9.689352495134964105e-01 9.596078177758035621e-02 6.630840294984103878e-01 -5.488033935083992398e-01 1.285256411676561461e+00 7.613170849174074606e-01 -2.317545242772296177e-01 -5.848412652351704377e-01 -6.791494703652009024e-01 1.281911597619711518e-01 1.856808315628161399e+00 -1.065626748077144859e+00 -1.563130917323197977e+00
-4.715399700072469558e-01 3.554069475881865836e-01 -8.565899060477517590e-01 -1.176912293625061778e+00 1.683981638914208601e+00 9.854052169059587252e-01 -4.284288230110565587e-01 -3.456999772679737459e-01 8.376168326465938119e-01 6.001121837974631168e-01 -3.414279800323617720e-02 2.157081751820725035e+00 1.066418864480989104e+00 -3.151004693223958264e-01 -5.833182840954687087e-01 -7.922280303048051531e-01 6.138696394030082604e-02 6.168742973680733099e-01 -1.987895805671098914e+00 -1.298656538326009802e+00
1.705451821466066886e-01 -1.342542179950501069e+00 3.216482634097837523e-01 9.276382592268312965e-01 -1.253750400460011294e+00 -1.126776693487336001e+00 9.852223116031501027e-01 1.900446979251698920e+00 -1.161348574632964148e+00 -1.073830359695293390e+00 6.962735211214854392e-01 -1.062127880304243099e+00 -9.226242050447621690e-01 1.039374959944074694e+00 8.688588000995657312e-01 6.052143347323197808e-01 7.529465490714301046e-01 -1.191138948241746265e+00 5.699899946357440961e-02 6.759731357472092972e-01
-1.417217229038671977e+00 7.908305214556190510e-01 -2.271834116512262414e-01 -1.418600421487555163e+00 1.284791403509156327e+00 9.992558746425796168e-02 3.332836032347590849e-01 -1.028238536996571417e+00 1.122900327891896755e+00 1.447316943142710866e+00 -1.374298460557056512e+00 5.328451248840055943e-01 1.555393423266790531e+00 4.975010512517951122e-01 -5.380076728178675438e-01 -4.239276394443076967e-02 -3.175853710910181427e-02 7.589260667003661087e-01 -5.312628746847263272e-01 -1.921811666809261743e+00
8.160945253899114515e-01 1.289990886421580107e+00 -1.211432602649138879e+00 -1.858646199319861914e-02 4.895627787449117752e-01 8.035206437083898257e-01 -8.007948586018999171e-01 6.410756717505130542e-01 5.611440859458690644e-01 -1.168372215101255662e+00 5.021245774093351377e-01 4.841349595422234087e-02 -1.641670024154589624e+00 -7.003566837729576777e-01 1.465269521752092519e-01 -1.184556331362518478e+00 -3.670595996754302814e-01 2.598441111105609380e+00 -1.053551277051785640e+00 4.747868098136928117e-01
-7.781090293768383459e-01 -8.302565828698478256e-01 1.492435974095193962e-01 8.250025253968364947e-01 -1.013894578919428247e+00 2.054656936722973060e-01 7.992180947543577885e-01 1.554147952680366152e-01 -4.103368457412452930e-01 9.393576264138495668e-01 -8.662302203276348589e-01 -2.127256953947219920e+00 8.401238839503918365e-01 1.000786613625008536e+00 1.754655444703360878e+00 3.986997503956781763e-01 1.271691976867800777e+00 -9.998244542238439794e-03 -9.706843340186370739e-01 -1.561910362424779875e+00
-6.991732282564918632e-01 8.295714299856415952e-01 -5.827830630850622251e-01 -1.460154594583843224e+00 1.449879503127654790e+00 8.271878464755189064e-01 -9.521021697798244532e-02 -1.527857758993697912e+00 9.141968800164251840e-01 1.293834548407301721e+00 -4.354653639435682733e-01 7.532417715867381069e-01 1.101492001772978124e+00 4.303340742747388536e-02 -1.212147419347346711e+00 -4.601486782927299291e-01 -1.307527900148805822e+00 1.740538611116778656e+00 -3.420656179158939603e-01 -7.586248154480034200e-01
-5.558945076502926907e-01 -1.004351456619184541e-01 6.067803826361514163e-01 -6.961902735139828824e-01 -6.025706407995605751e-01 -3.491006838001050605e-01 1.431698686069033499e+00 8.576228507170913229e-02 -1.520673535148713951e+00 -7.633389698943515711e-01 7.331878074338578355e-02 -1.568580783452219740e-01 -6.663629394942987005e-01 1.695428214198364092e+00 1.612260181240304513e-01 1.000467368179936978e+00 -1.521738186162066464e+00 3.518590316819160679e-01 2.250117794631900203e+00 -8.598964304300632522e-01
2.489756086389635359e-01 3.391514126812120167e-01 1.882788093799607099e+00 -4.993097730163500447e-01 -2.861721614842752115e-01 3.081719193428386072e-01 -1.550003495841685508e+00 -2.278620488069073025e-01 -6.738778800946992886e-01 7.473142891018718093e-01 1.582913042987036667e-01 -1.693369518327322298e-01 1.850761510790243092e-01 -2.001611174282257100e+00 -2.949557101066169196e-01 2.291773038999215473e+00 -1.128020593254772885e+00 -3.424564054499387028e-02 7.785734764767825444e-01 2.657347270039935039e-02
1.658048457892247862e+00 1.105033560744659971e+00 -1.184068591160753359e+00 -5.162309615627090897e-01 2.078288458437169250e+00 3.255042775790291387e-02 -8.127422783565469988e-01 -1.559789018156362950e+00 7.195692480389955792e-01 -1.246990239626673547e-01 1.186538566483320345e+00 1.022534448926707640e+00 2.307859148721930903e-02 -7.209939898311976680e-01 -1.162298270917337284e+00 -1.176282516146162527e+00 -4.113369238319771193e-01 -6.852464387924045441e-01 5.834131092690347103e-02 6.845120380096750834e-01
6.326004880427434918e-01 -1.362281843140140003e+00 1.199898316050310720e+00 -2.778940313221471281e-01 -1.615702477762062106e+00 -1.189712128618182430e+00 1.823700457716708190e+00 -8.734500243388358676e-02 1.042646020516411615e-01 -4.395372816821324635e-02 5.604817312236320959e-01 -1.449441509126520922e+00 6.913442386228713099e-01 -4.998803523068510168e-01 4.827186557635756436e-01 1.571167083236636008e+00 -1.024295996683640020e+00 -6.140352900939085590e-01 9.874182402378870460e-01 1.932963653996467787e-02
-3.935900781319884856e-01 -1.081152337234334987e-01 6.273316372124311258e-01 -1.025781826726710921e+00 1.275769028233033842e+00 -2.069049344950013233e-02 1.509868932777093109e+00 -5.282057073764884203e-01 -1.813187816197006308e+00 -9.070624053582199142e-01 -4.420897959430628021e-01 7.648245206127024520e-01 -5.707235540561018672e-01 1.787226129677699005e+00 -3.862495635080659961e-01 1.051633368064200269e+00 -1.114676914466456115e+00 -2.773095750638753243e-01 1.318485182254680366e+00 -9.075550397317292406e-01
7.605991791778115019e-01 -9.242440576301076682e-02 5.632704635189170750e-01 1.956262497182267301e-01 -6.913334424339825368e-01 -7.677502060585953414e-01 1.513298073879804528e+00 -8.608871832393458212e-02 -1.990710702924322950e+00 -1.554725247346186334e+00 -3.222031826360726714e-01 2.110631852138133702e-01 -1.318329442224324577e+00 1.141121664812241532e+00 -1.180858304409789117e+00 1.002763357591428983e+00 1.678960309359627479e+00 6.834269128274213234e-02 4.214131967672454238e-01 2.684532934755981537e-01
2.207965159114369413e+00 -2.048524233022069874e-01 -4.287153919329338980e-01 -5.422792833863655515e-01 1.398585849176341434e-01 -2.216033904461031656e-01 -1.176032744678332742e+00 -3.859265343741569709e-01 1.169964902605105106e+00 8.491517441708001934e-01 -2.733530527000594401e-01 -1.784775137772951770e-01 1.377889747960765909e+00 -1.070845764930036914e+00 -3.780178747010408125e-01 -1.623691966871386505e+00 -7.075567006363988609e-01 -2.564135543519398541e-01 -2.189141850286787649e-01 2.159642720006032413e+00
-2.117760827178879257e+00 7.693452842413596171e-01 -4.878342783977709374e-01 -2.733270423182820874e-01 7.747386204255187758e-01 1.183737380593646416e+00 1.440975608902887208e-02 -5.646425245381686553e-01 1.160700625359142979e+00 1.496538225094465657e+00 -2.133337769490044611e+00 4.375554754703686045e-01 6.092438642799653803e-02 1.556454250179054033e-01 1.066823149019324735e-01 -3.606953731344163527e-01 5.845671965105809775e-01 2.631804722886048609e-01 7.007770528611600991e-01 -1.910313244736246086e+00
-2.667763527216386876e-01 -3.625399055200002052e-01 9.649580539038581373e-01 -3.208071488072943289e-01 -4.268956003173348668e-01 -5.375099304582908744e-01 1.978110201497161436e+00 -3.748194174301848203e-01 -1.057677349380280463e+00 -1.389280101536944922e+00 -3.856617529413504109e-01 2.858415245638458724e-01 -8.804227357231160234e-01 2.036098875802558883e+00 -8.513125794008531422e-01 1.479831455559186937e+00 -7.432918561819712444e-01 -7.420994530153493529e-02 1.161702358895253973e+00 -4.507766222410919954e-01
1.726087969634224395e+00 1.257473868305172493e+00 -7.795175118794094304e-01 4.652375325854211652e-01 -1.337775655553180565e-03 -1.024130221644178329e-01 -3.564509692110591210e-01 -9.234321508275874502e-01 -1.686073797092012619e-02 -2.071902934215800740e-01 4.814361141021958890e-01 1.712202222168368149e+00 -5.402869274242138031e-01 -2.420696771244247036e-01 -2.031650359122711524e+00 -7.030896706135035812e-01 1.324920430845194785e-01 1.332571084364317482e+00 -1.873749977320079418e+00 8.410078991557290440e-01
7.886848389665432890e-01 -1.459105443186309026e-01 3.181868367199271574e+00 2.021680816796571443e-03 -3.592457452364327120e-01 -2.754151285568411933e-01 -1.471242381980681246e+00 1.473259242115957379e-01 -4.090847088925528285e-01 -1.259702359986889231e-01 6.468895981239869419e-01 -2.263649482686695136e-01 3.027565473347246239e-01 -1.302923494945002147e+00 2.171909701591950015e-01 -1.480885049693779765e+00 -6.673635403835228574e-01 -1.816256390207900834e-02 8.332188170822241169e-01 5.116799935384627185e-01
-7.749228084966904850e-01 -4.677387154155771554e-01 1.494034950723129640e+00 7.186996946645589635e-01 1.733212237438168657e+00 -5.807548256106134232e-01 -1.093166637186378631e+00 2.942242746885328497e-01 1.643066726154472024e+00 -5.366782242237985168e-01 -8.499160930757988508e-01 1.759630854452626236e+00 -6.244494331481434957e-01 -9.733964726962899272e-01 -1.605163812300017812e-01 -1.444491080715898823e+00 -1.162516585171283340e-01 -7.784992094364125981e-01 -1.500428098493946094e-01 9.845813380427628214e-01
3.376796171923126533e-01 5.597212531612195674e-01 2.238895388784574614e+00 -3.876056303516111634e-01 -2.760687068837193170e-01 2.988584073425419874e-01 -2.006914943911918936e+00 9.742890288968593382e-02 -7.945745149151764997e-01 -4.200222029204747631e-02 3.486832686728514319e-01 1.058332572658979148e-01 1.104557861022263492e-02 -1.911011906755375023e+00 1.328991286536505279e-01 1.630162305929464095e+00 -1.139589250620189453e+00 -3.206157656186798405e-02 8.564889271037915419e-01 1.128735872888570468e-01
9.274618619683352438e-01 3.703721613531320012e-01 8.382890851928143094e-01 -8.475500447184178832e-01 -1.321058290236189148e+00 -8.347622411414362675e-01 1.416195212083530608e+00 -7.765406155212667416e-01 1.527632459721715019e-01 1.352823881501949765e+00 6.092345656369975160e-01 -4.937510887299462192e-01 1.125433689600402465e+00 -1.990850064930030250e+00 -4.800205231789984595e-01 1.155146046034467355e+00 -1.494345691118001751e+00 -2.099891662630561928e-01 5.150274701261233767e-01 4.085622504195014770e-02
1.101743575100758932e+00 -6.095208134849273707e-01 -6.450928389710689492e-01 1.829575077098814173e+00 2.722475950383979604e-01 -1.581800744081879317e-01 -8.845086069002623674e-02 9.765421430886760401e-01 -2.029667798215721020e-01 -1.649954981903002382e+00 8.328704843171796934e-01 5.216814715212886311e-01 -1.630954376459848199e+00 6.591004884481738157e-02 7.230475965885893030e-01 -5.030174914417273602e-01 5.763764184749848862e-01 -5.887329698616741158e-01 -2.074598091844751302e+00 1.328098959184309091e+00
-1.450392346365191321e-01 1.301933033474892643e+00 -9.893398526451776531e-01 -1.079220896372708127e+00 -2.954649077249887346e-01 -1.887086227066308436e-02 -6.293756794962795942e-01 -7.327512554382916710e-01 3.118860083183970233e-01 1.490317908923047552e-01 2.462957615747794815e+00 -1.548971751270467566e-02 4.055245040091163267e-01 -5.369537336824576901e-01 -1.290693562815253825e+00 -9.631629297639257015e-01 -2.289573608904493518e-01 2.307530700994554262e+00 -6.754106916246946923e-01 8.790080524832301068e-01
3.055250692026961201e-01 -9.257794914287414967e-01 2.000265585350669006e+00 4.751731127235948038e-01 -9.145010506736153122e-01 -9.338681314846141168e-01 -8.569910726414776692e-01 1.344972324484110970e+00 -8.498578837016492749e-01 -5.926504179460968524e-01 2.694267734143284132e-01 -6.335910824564550126e-01 -1.995242993557531375e-01 -1.060763958627803705e+00 3.432697824196621617e-01 2.426958847590821922e+00 -4.327579141516818551e-01 -6.757426278815031884e-01 6.477103386539735386e-01 2.557756695876819419e-01
1.504646625986731046e+00 2.141594379453667374e-01 -1.599507361219832724e+00 -7.365020488715496860e-01 7.446496165364443476e-01 8.871577782948174562e-01 -1.181201132978659141e+00 2.695689460679467353e-01 -2.237106710594439496e-01 -3.427643645884428936e-01 1.815295125873841231e+00 7.617360513223143670e-01 -2.551024698361055165e-01 -1.087030216280447048e+00 -6.732437836770205353e-01 -1.613717021455951084e+00 -7.623415676382137018e-01 5.777125384306226463e-01 4.028864385397285530e-01 1.620820726137037981e+00
-2.163137676675798773e-02 -1.898450218850092908e-01 -2.571201188676119909e-01 -7.813830309668670093e-01 7.741218436181257490e-01 -4.164761795733589178e-01 -3.588636901509879573e-01 -6.657647583538127689e-01 2.200810622992304122e+00 1.725987324681063084e+00 -5.014025878430915517e-01 -3.152837894723208301e-01 2.675242943181090460e+00 -6.848811926062977617e-01 -6.343967075744892936e-01 -1.188670297449073571e-01 -1.004394147327154707e+00 -6.810669222644873955e-01 -1.041976967170472335e-01 -5.990151117550686077e-01
5.390642026467322712e-01 -1.863367254635078130e+00 9.262902971115476447e-01 5.955818878668153182e-01 -1.029151999383319582e+00 -1.631230569698764565e+00 1.456639690727342007e+00 5.334443780807336388e-01 -7.146603941357260181e-01 -6.665478417435679592e-01 6.400303450177066145e-01 -1.018009445015864989e+00 -3.452403208416593983e-01 8.049607032582993815e-01 6.930908256022993985e-02 1.287552152553635310e+00 4.202227042076818186e-01 -1.571804291010586940e+00 4.678247508788023201e-01 9.368882091206959251e-01
-3.401243481942749503e-01 -2.448505759672959137e+00 -1.710087532776911334e-01 1.428620230499529076e-01 1.160130205596496683e-01 -3.854639026032393168e-01 3.936807684609617830e-01 -1.395075722978583954e+00 8.711616164768694048e-01 1.915580555919826233e+00 -1.330410769976362761e+00 9.907537524041379329e-02 8.778153836900399742e-01 5.645508452604153238e-01 -8.116166442458233599e-01 6.783001456615493988e-03 1.140028163720413490e+00 1.834420697902595376e-01 1.275266841426280884e+00 -8.647828487349207283e-01
2.190627240086119532e+00 -5.603679845844672380e-01 -8.187647021869363106e-01 6.679285148490357038e-01 -4.811172736783245751e-01 -2.224419837962693380e-01 -4.366320115616915132e-01 1.140607867347094073e+00 -3.836617361218510047e-01 -4.849676950613510118e-01 1.881366960520070242e+00 -2.554200395180269423e-01 -6.666084295376849544e-01 -3.329895894933925793e-01 6.638053184921045569e-01 -7.698045415972941674e-01 1.539717126431241340e-02 -6.137165707945234638e-01 -1.995654438520052754e+00 1.644263640926758585e+00
-1.108733541906066905e-01 -1.449317713041774258e+00 2.789877791452905487e-01 1.176134532233709951e-01 -4.058353281362736542e-01 -2.137784430233820032e+00 1.111148956322580705e+00 -6.145048951706582052e-01 -9.090774722649346273e-01 -1.711873092221526671e-01 -5.408746757063962463e-01 6.034166069595385817e-01 -3.368373184382680297e-01 1.366235425241663304e+00 6.914532262341038793e-01 6.204718731223705097e-01 2.207711497873521722e+00 -1.125582314179944587e+00 5.677153127806039423e-01 -1.141552313622653560e-02
-6.779234115451192588e-01 1.157679702762347995e+00 1.292330457220708384e-01 -2.431057684360702353e-01 -6.777557488816106090e-01 8.197623835868846909e-01 8.103502105991164939e-01 1.465662863493994439e-01 -1.320149415654660041e+00 -6.252944451793995828e-02 -9.285455988340296507e-01 -1.445766783293590541e+00 -6.670542352729686986e-01 1.018246930165560560e+00 8.508792967764150506e-01 4.005061074285117262e-01 1.182021183420928434e+00 8.637889558194326023e-01 9.552306829863389526e-01 -2.518174368333038871e+00
-1.484785145958531782e-01 -1.014207557717970332e+00 -1.236855101861645545e-01 1.946030467667095420e+00 -1.249519559646675271e+00 -9.918773473818631725e-01 5.224987508034558692e-01 7.019384377519836127e-01 -8.061982835561933847e-01 -1.400489526327315826e+00 1.031746374172829439e+00 -7.967170542561660129e-01 -6.113276187851349741e-01 7.168660258098421556e-01 1.537860645529155024e+00 1.000998931316362389e-01 1.424226451826787088e+00 -1.184176914742151476e+00 -4.761460840752013146e-01 7.203522623344921216e-01
-3.832473460656727893e-01 -3.531710558388317933e-01 -3.154475413373196702e-01 -8.616654102520434622e-01 -3.801746733660784083e-01 -5.859976802139653662e-01 1.557383313368099209e-01 -7.466329664251822873e-01 1.692883686077915062e+00 2.399601045446686065e+00 -5.765357613009540749e-01 -1.488246835365628351e-01 2.724506242813759194e+00 1.139386223246801055e-01 -5.938008851418549172e-01 -1.608316359741534529e-01 -4.336808104245129525e-01 -6.554065192832920772e-01 -2.067112068053080509e-01 -7.320689593860851829e-01
1.058282461097041605e+00 5.696908755427882998e-01 -1.504332357443584511e+00 -6.294186148512803669e-01 1.599268373223123652e+00 1.137185421594667734e+00 -1.097712255562918404e+00 6.767907792102588749e-01 -5.226209600993835247e-01 2.691992949944840060e-03 9.471163770430267581e-01 7.801631735772754928e-01 -9.468108009158673344e-01 -1.004745588784812016e+00 -4.110763429294824745e-01 -1.511760523951153345e+00 -6.893162130493480921e-01 1.452300970222762722e+00 -7.731911592372988640e-01 1.159952282629590936e+00
1.385985535778908040e-01 -1.406736248882830775e+00 3.301606534755006095e-01 6.737656388942625529e-01 -1.118527215987741519e+00 -1.336510207463174726e+00 1.215789674528883868e+00 -4.064122630055689855e-01 -1.023030085929676813e+00 -5.677677451520692919e-01 -1.879641719956585133e-01 -1.036631973286906705e+00 -4.523390174894367233e-01 1.487450132208238740e+00 7.073785722055292435e-01 6.989334752243775428e-01 2.358174844117153057e+00 -6.391899772557751991e-01 3.377141419021801316e-01 -2.967326157163330952e-02
-6.705927810190636107e-01 1.227325708949338623e-01 -7.615722090133501820e-02 1.845295193744713513e+00 -5.021513132212039876e-01 7.072906627929789192e-01 5.238240612213803660e-01 -9.168968191093608278e-01 -7.509767595257109685e-01 4.409629708808114890e-01 -1.206243776743042728e+00 -2.500054900107006262e+00 2.210344211604437781e-01 7.057046093359634620e-01 3.032344302674480074e-01 1.320781817983765483e-01 1.310216113725209741e+00 -6.221305526383112960e-01 -8.179497807673968834e-01 1.602552810069638234e+00
8.332837141270184045e-01 2.965014301613451697e-01 1.560768287392629294e-01 -8.112517018393250456e-01 -1.397976543529298121e+00 -1.281406938077146229e+00 7.402222560372798688e-01 -1.099425736246105956e+00 1.596176710425776246e+00 1.239655576954394212e+00 -9.591254800605465702e-02 4.513608296408340159e-01 7.329434006671832202e-01 8.612709421304401980e-01 -1.287564415872757273e+00 3.908452778572013009e-01 -1.531370704905086644e+00 -1.411014500192984356e+00 9.053963035372030177e-01 6.811680133848599938e-01
-1.841532359455779533e+00 1.109058713074666969e+00 -7.803848587156761996e-01 8.810649160361272436e-01 4.960922685224588013e-01 6.700787669684635794e-01 -3.294501454305925336e-01 1.254289026094950854e+00 9.979552345984294970e-01 8.389038284313310445e-01 3.691369276940983241e-02 4.115466183178942972e-01 1.394627959351072866e+00 -2.080549148216863653e-01 -1.551740913373168329e+00 -7.056652545953264744e-01 2.029588639742491429e-01 -8.257487197178414728e-02 -5.400861777361103400e-01 -2.270676661575292243e+00
-3.780696948047679862e-01 -8.968178712710135336e-01 -4.639360212105272940e-01 2.111055784312738659e+00 -5.873585535997536411e-01 -1.710241712068000797e-01 3.550688229016907976e-02 2.400440748578569927e+00 -1.209548709653302856e+00 -8.310494237641739002e-01 9.673421574598149997e-01 -1.113561586605910980e+00 -8.144485215169030567e-01 1.818857153001638971e-01 1.454549554524553923e+00 -3.374311282088187092e-01 6.717999061297565966e-01 -8.255843359414236637e-01 -1.087561309242994212e-01 -1.110473159570805890e-01
1.163274554882391509e+00 2.805148789327794878e-01 3.816520796191772424e-01 -1.400662748386022560e+00 -1.899937066425551047e+00 -1.338075516537899912e+00 9.874314878892557212e-01 -1.289422089183227538e+00 5.603666544844300157e-01 1.615950908852107348e-01 -2.033422035233729552e-01 -1.198430666019214774e+00 7.096295377041975661e-01 1.185052963693569605e+00 -6.256232299309912870e-01 6.517785187788875945e-01 -6.606236037922881277e-01 1.004496468453132119e+00 1.502340632545738908e+00 -5.023511762828457988e-02
4.874797383360284231e-01 1.529263871190061075e-01 -5.412057193324723015e-01 9.461740070210160614e-01 8.457224281076444194e-01 -2.548811105047738557e-01 5.866151757570196162e-02 1.541593603740153196e+00 4.179672750666899722e-02 -2.007794402361244845e+00 1.243975557008707433e+00 8.392238110350573876e-01 -2.474441943889026607e+00 2.266060969745701537e-01 -1.017915543230314634e+00 -3.630488881903957687e-01 2.911277285689746752e-01 -6.918257929692039898e-02 -9.412399151600349123e-01 1.073983622062857357e+00
-2.188820352048575835e+00 1.153152682451629829e+00 -1.174950587528699186e+00 2.528387002617183965e-01 1.220533831308445172e-01 9.216725735088574512e-01 -7.289724730557565202e-01 5.916270976129098802e-01 2.537407662560668520e+00 -2.055595851928786466e-01 -7.958260940247394721e-01 1.855970678507639915e-01 6.521583521092576552e-01 -6.178798028351863980e-01 6.136645692227234994e-01 -1.144715450366232234e+00 -2.346055397587870073e-01 3.174823914944478465e-01 7.003936200717681970e-01 -9.178227708412364239e-01
-4.119356405739442728e-01 8.082857716148721394e-01 9.912987877833767669e-01 -1.011429582440131592e+00 -5.695320859251406381e-02 8.761949506979470614e-01 -1.559871208214943294e+00 -9.589238879061963150e-01 7.009501700954859915e-01 1.703370445724598614e+00 5.762017256749641519e-02 -2.688735060527249199e-01 1.876028527869192608e+00 -1.399369135911534778e+00 -6.835042649604653464e-01 1.273004169682623310e+00 -1.060827626233652010e+00 -6.802806355757960999e-01 -4.810865024447248152e-03 -1.034244904617711291e-01
1.012027157412937584e+00 7.007868940583961148e-01 -1.122070218622902793e+00 1.754403216385979625e-01 3.792175558135170710e-01 1.696754827497699014e-01 -7.102570221996467037e-01 5.103266529492066494e-01 4.503395402083748000e-01 -6.084001115111987712e-01 8.735758243266654732e-01 1.775947967279920769e+00 -1.439809776941471664e-01 -6.073070676462116735e-01 -3.996153354478439446e-01 -1.087852728711134809e+00 -2.639230473949862876e-01 1.080625307083135755e+00 -2.891825893115049340e+00 9.328672274956106847e-01
5.966475533965030775e-02 -1.729270626297498392e+00 1.973827217611117124e-01 7.051120815891460669e-01 -1.322333915962459860e+00 -1.532918139400408775e+00 8.815654557173293604e-01 1.071715372997728011e+00 -6.484066377442434526e-01 -6.001144538294299613e-01 1.355817157605873347e-01 -1.084844634067058777e+00 -1.682105261913890704e-01 1.095663338441315915e+00 1.154261397932660360e+00 4.657681785522595486e-01 1.763172304024369863e+00 -1.288192264534725684e+00 7.291865906738564940e-01 -8.894223715782449691e-02
3.624875393415372127e-01 1.582427504774214233e+00 1.297923813527229520e+00 -7.136168036323142783e-01 1.093038271535813344e+00 8.600348008601560457e-01 -2.171076919856544052e+00 -6.597203825988185999e-01 -4.963037247095460347e-01 -5.219142472280835499e-01 -1.623924918547990093e-01 2.689831929256124576e-01 -6.574566068821251219e-02 -1.224672529434956525e+00 -5.090852206830333015e-01 1.623309856005048513e+00 -1.088145469605972915e+00 -3.125776797189150358e-01 1.055336542358815466e+00 -9.018295344979797290e-02
2.758552406679938840e-01 -1.291320337827746911e+00 2.551788614888040874e-01 -4.440672491139543432e-01 -1.552902195707446031e+00 -1.199557797970258521e+00 1.021009983098741358e+00 -5.908217419303023465e-01 -6.249287297720071965e-01 -4.471743382379865794e-01 -1.679049727495326161e-01 -1.039141217397601569e+00 -4.324805375651138983e-02 1.258695370881343534e+00 1.652615312119703583e+00 5.647456293447163933e-01 2.044635641135204018e+00 -9.796247795800080427e-01 7.731651983544353124e-01 3.111952444801541762e-01
4.357492606910139399e-01 1.553982487177360428e+00 -1.193492826449443545e+00 -5.047016143400388094e-02 1.429337665879722108e+00 1.226148891233327376e+00 -7.915873037402643142e-01 2.241621228071918326e-01 2.272081207652804687e-03 -1.197640722772044475e+00 4.478327598035445889e-01 1.447905134719213560e+00 -1.053997582028483926e+00 -6.930902680912113256e-01 -4.620706034428597730e-01 -1.167121445231274146e+00 -3.701862134438320129e-01 1.577325258931443042e+00 -1.571003229194531503e+00 4.263124006823146295e-01
8.135434671550662716e-03 -1.630146160210967032e+00 -4.634535206786606909e-01 1.443987828921352579e+00 -9.617395411525329063e-01 -1.155440453057992256e+00 -5.661480421884660524e-02 2.048223974019881766e+00 -6.086178228239504939e-01 -4.918444214004399351e-01 1.714163729023303384e+00 -3.652707800294968110e-01 -4.264732348928357841e-01 6.525240348574201654e-02 1.685952847166119151e+00 -3.773127388480901900e-01 4.760213008206004570e-01 -1.213817718763902986e+00 -2.035161097046417067e-01 5.299947818445270853e-01
5.916956572488414334e-01 -1.044543711979822209e+00 -1.185185060270162571e+00 -2.173529708765556734e+00 4.362961581916091625e-01 1.641926461465679665e+00 -7.882429627046337872e-01 -1.822067135454281950e-01 7.904156290649346772e-01 2.707264235641574923e-01 2.071730667373815685e-02 4.739033889049427684e-01 5.787851901706770885e-01 -6.896020547926224875e-01 -5.798000844330762904e-01 -1.168344164097024018e+00 -3.547427633147826054e-01 2.156576271997372896e+00 8.291742377901629713e-01 5.612900456383376202e-01
-1.266375346605036700e+00 -8.070241585312378785e-01 -4.285690375375075245e-01 2.336533469650206030e+00 -1.784796492974269899e-01 -8.328713359772665914e-01 1.359282501093539985e-01 2.167716346874238642e+00 6.290078265070671026e-01 -1.051932443038361420e+00 -1.351522335275270548e+00 -3.233791248153639053e-02 -1.138357409770889284e+00 2.984180156943007090e-01 1.005462975921633806e+00 -2.708728854520071061e-01 8.560953128213746322e-01 -5.318834255148124912e-01 2.089227099890211478e-02 3.386377559225858813e-01
-1.892533670956566549e+00 -2.734693782103486681e-01 -7.385351977826682957e-01 9.600050895856176991e-01 4.345212453006205844e-01 6.818201929211172851e-01 -3.238990550368414656e-01 1.737647691671055705e+00 -3.781860866483622297e-01 -2.841748953281149626e-01 -2.805227394585387835e+00 8.524562640235734678e-02 4.838740104466915937e-01 -2.107284251405424358e-01 1.362792805931707152e+00 -6.743334982541608902e-01 1.702537472412376240e-01 1.607059703950728113e-01 7.776207978896728656e-01 6.849435572171167497e-01
-3.014380598439265202e-01 -1.173781679741995099e+00 2.535088757882782429e-01 7.522355083861385072e-01 1.651996359127291925e+00 -1.250550935167969335e+00 8.953093459918920471e-01 -1.340876025471604560e+00 1.993254383523717754e+00 -8.490925376778938327e-01 -1.184380970420031209e+00 1.407437490428229854e+00 -7.086087044852067418e-01 6.635170134896105631e-01 -9.124674274390265349e-01 5.301331096601158421e-01 -3.157999391474165529e-01 -7.365972516119710933e-01 -8.242046896870498796e-02 6.024264120709715842e-01
1.554920410061650715e+00 5.787566797098566557e-02 -6.149838872196691231e-01 1.166183622136050646e+00 -1.351323424905637394e+00 -3.951769488003792907e-01 -2.218745007354324672e-01 1.204725080819316396e+00 -7.997717913854662797e-02 -9.102080135376844350e-01 1.901617363179965325e+00 -1.739592471158982079e+00 -8.651675792662875120e-01 -1.084948078686381462e-01 1.481474563443563319e+00 -5.451895198370428908e-01 2.728677705416325816e-01 -8.221873900664189438e-01 -7.691139776606911171e-01 8.787927896556045892e-01
-5.664065045989807867e-01 1.887257788835215777e+00 -8.797352009831393982e-01 -1.284184673261883347e+00 -1.420669263115471037e-01 3.057905834347287577e+00 -5.112243978803658884e-01 -7.398007526386615185e-01 -1.069666364963551553e-01 6.357553904691498614e-01 9.268671786722549877e-01 6.447296599705755193e-01 3.612989289061466214e-01 -4.131611640511406724e-01 -8.327662064541149212e-01 -8.433386421460929983e-01 -8.730795083747204532e-02 -5.507262306177124200e-01 9.351442866044733931e-03 -4.708445162789364757e-01
-1.648870010335997671e+00 1.009958531763778117e-01 -4.910885074660430449e-01 5.642344916227703955e-01 1.170931526722167382e+00 1.841060831314229818e+00 -1.156230697592182388e-02 -1.528268737899561025e-01 -9.825483070214821035e-01 1.286016019655485954e-01 -1.142580808083483834e+00 -1.151799639005180120e+00 -1.273559215745104556e+00 1.263048465096823225e-01 1.836833938856790915e+00 -3.718500830119423339e-01 5.827048238033304406e-01 5.380756171948062327e-01 1.325408218715656838e+00 -1.083365031135878453e+00
-9.951938036487091299e-01 5.605457688097210678e-01 -8.064978916007367049e-01 1.184806657480546477e+00 -1.081301919829605440e+00 1.189965335151474513e+00 -3.883214765770710009e-01 1.017808784204288663e+00 -7.886285556971268651e-01 7.121327022940772411e-02 -6.134338740099809506e-01 -9.872425345093193139e-01 -2.920577082298468907e-01 -2.741004740704938158e-01 2.517918797359338434e+00 -7.473946225570934354e-01 1.119517945630560535e-01 1.784250138749875036e+00 -6.925629306595069146e-01 -7.417545155714114768e-01
